M,1,3,20
M,1,5,18
M,1,7,17
M,1,10,3
M,1,14,1
M,1,20,5
M,1,23,18
M,1,24,2
M,1,25,4
M,1,26,16
M,1,28,14
M,1,32,25
M,1,33,1
M,1,46,18
M,1,50,25
M,1,51,1
M,1,52,25
M,1,53,8
M,1,57,18
M,1,59,22
M,1,66,1
M,1,67,25
M,1,70,9
M,1,72,21
M,1,78,17
M,1,80,13
M,1,86,4
M,1,88,19
M,1,89,17
M,2,6,14
M,2,8,24
M,2,12,15
M,2,13,16
M,2,19,8
M,2,21,2
M,2,23,4
M,2,27,12
M,2,28,20
M,2,33,14
M,2,34,22
M,2,38,1
M,2,42,4
M,2,44,21
M,2,46,10
M,2,50,7
M,2,58,2
M,2,64,18
M,2,65,19
M,2,67,10
M,2,75,12
M,2,77,20
M,2,79,16
M,2,80,2
M,2,84,16
M,2,93,1
M,2,94,4
M,2,96,14
M,2,97,7
M,3,2,25
M,3,3,21
M,3,4,12
M,3,5,21
M,3,14,16
M,3,17,25
M,3,18,8
M,3,19,11
M,3,25,2
M,3,27,13
M,3,30,24
M,3,35,25
M,3,39,21
M,3,42,23
M,3,45,20
M,3,47,11
M,3,49,13
M,3,51,1
M,3,53,18
M,3,54,12
M,3,57,20
M,3,59,1
M,3,60,19
M,3,61,5
M,3,63,21
M,3,64,1
M,3,65,16
M,3,69,23
M,3,72,15
M,3,75,10
M,3,76,6
M,3,78,7
M,3,84,11
M,3,85,15
M,3,88,17
M,3,91,24
M,3,93,21
M,3,97,6
M,4,6,10
M,4,9,6
M,4,11,22
M,4,21,11
M,4,24,13
M,4,32,3
M,4,38,19
M,4,40,10
M,4,43,7
M,4,44,1
M,4,46,8
M,4,49,15
M,4,50,4
M,4,51,9
M,4,52,8
M,4,56,1
M,4,60,14
M,4,68,15
M,4,69,5
M,4,73,2
M,4,74,10
M,4,75,22
M,4,76,9
M,4,77,16
M,4,78,12
M,4,83,3
M,4,85,3
M,4,88,3
M,4,95,7
M,4,97,2
M,5,2,20
M,5,3,12
M,5,4,5
M,5,6,14
M,5,7,6
M,5,12,5
M,5,15,18
M,5,19,3
M,5,20,14
M,5,25,7
M,5,26,22
M,5,29,4
M,5,30,7
M,5,31,13
M,5,32,18
M,5,37,24
M,5,41,13
M,5,45,4
M,5,51,6
M,5,54,25
M,5,55,15
M,5,56,4
M,5,58,11
M,5,62,4
M,5,63,10
M,5,65,11
M,5,68,20
M,5,69,21
M,5,74,17
M,5,77,6
M,5,82,9
M,5,88,7
M,5,89,24
M,5,92,15
M,5,98,16
M,5,99,14
M,6,12,14
M,6,14,15
M,6,15,14
M,6,23,18
M,6,25,8
M,6,27,14
M,6,28,7
M,6,30,5
M,6,31,20
M,6,41,18
M,6,42,11
M,6,43,25
M,6,44,9
M,6,46,19
M,6,52,14
M,6,53,24
M,6,54,20
M,6,56,24
M,6,58,6
M,6,61,14
M,6,65,4
M,6,66,23
M,6,67,15
M,6,71,9
M,6,72,2
M,6,73,5
M,6,76,18
M,6,77,12
M,6,80,8
M,6,87,23
M,6,88,1
M,6,92,2
M,6,93,9
M,6,94,24
M,6,97,18
M,6,98,1
M,7,1,17
M,7,5,22
M,7,6,2
M,7,10,16
M,7,13,1
M,7,15,22
M,7,16,19
M,7,22,17
M,7,23,6
M,7,24,3
M,7,28,11
M,7,31,20
M,7,33,10
M,7,38,4
M,7,41,9
M,7,42,21
M,7,55,2
M,7,56,13
M,7,57,23
M,7,60,24
M,7,66,18
M,7,68,5
M,7,70,18
M,7,75,16
M,7,76,25
M,7,78,4
M,7,79,7
M,7,83,7
M,7,84,21
M,7,86,20
M,7,89,24
M,7,91,7
M,7,92,2
M,7,95,7
M,7,96,25
M,7,98,21
M,7,99,11
M,8,2,21
M,8,3,14
M,8,4,19
M,8,8,10
M,8,11,5
M,8,14,9
M,8,15,18
M,8,16,6
M,8,21,15
M,8,23,4
M,8,24,4
M,8,25,2
M,8,27,17
M,8,32,15
M,8,34,5
M,8,37,1
M,8,38,18
M,8,39,6
M,8,46,2
M,8,47,8
M,8,50,15
M,8,53,25
M,8,55,6
M,8,57,21
M,8,59,15
M,8,64,10
M,8,68,5
M,8,70,6
M,8,73,1
M,8,74,8
M,8,77,4
M,8,80,7
M,8,81,10
M,8,82,23
M,8,85,3
M,8,88,8
M,8,94,6
M,8,96,3
M,8,97,22
M,9,2,9
M,9,3,21
M,9,10,10
M,9,11,2
M,9,16,23
M,9,19,17
M,9,30,16
M,9,31,5
M,9,33,3
M,9,37,11
M,9,38,24
M,9,42,8
M,9,49,17
M,9,52,19
M,9,56,22
M,9,57,23
M,9,59,3
M,9,64,20
M,9,65,13
M,9,73,1
M,9,74,5
M,9,75,25
M,9,77,21
M,9,78,22
M,9,81,10
M,9,82,11
M,9,84,3
M,9,85,4
M,9,87,1
M,9,91,2
M,9,97,20
M,10,1,1
M,10,14,25
M,10,15,12
M,10,21,22
M,10,28,8
M,10,32,3
M,10,33,15
M,10,36,3
M,10,44,23
M,10,48,16
M,10,51,5
M,10,54,7
M,10,55,3
M,10,59,3
M,10,60,2
M,10,65,20
M,10,66,1
M,10,71,11
M,10,75,12
M,10,83,18
M,10,85,23
M,10,92,20
M,10,97,17
M,11,9,15
M,11,15,19
M,11,17,7
M,11,19,15
M,11,24,3
M,11,26,18
M,11,29,18
M,11,32,5
M,11,33,17
M,11,34,24
M,11,40,7
M,11,50,5
M,11,53,25
M,11,56,18
M,11,58,8
M,11,59,3
M,11,62,24
M,11,64,4
M,11,65,10
M,11,69,25
M,11,71,7
M,11,73,22
M,11,76,9
M,11,79,15
M,11,81,3
M,11,83,24
M,11,85,2
M,11,86,24
M,11,95,6
M,11,98,12
M,12,1,7
M,12,3,20
M,12,6,18
M,12,7,20
M,12,9,11
M,12,10,1
M,12,12,15
M,12,15,25
M,12,18,9
M,12,19,25
M,12,20,13
M,12,25,2
M,12,29,14
M,12,30,1
M,12,32,12
M,12,38,20
M,12,39,12
M,12,42,16
M,12,46,4
M,12,48,3
M,12,52,11
M,12,53,20
M,12,54,15
M,12,55,21
M,12,57,8
M,12,59,12
M,12,64,3
M,12,70,9
M,12,76,5
M,12,78,19
M,12,80,9
M,12,83,25
M,12,84,10
M,12,87,25
M,12,90,15
M,12,91,9
M,12,92,21
M,12,94,15
M,12,95,22
M,13,2,8
M,13,4,5
M,13,5,18
M,13,7,25
M,13,12,25
M,13,15,5
M,13,20,13
M,13,22,22
M,13,23,12
M,13,28,24
M,13,30,22
M,13,32,2
M,13,35,25
M,13,36,18
M,13,42,15
M,13,45,13
M,13,47,19
M,13,53,4
M,13,54,25
M,13,55,17
M,13,60,22
M,13,62,14
M,13,66,24
M,13,70,15
M,13,71,7
M,13,73,2
M,13,74,24
M,13,75,3
M,13,79,14
M,13,80,19
M,13,84,11
M,13,85,7
M,13,87,5
M,13,89,12
M,13,91,24
M,13,93,4
M,13,97,25
M,13,98,6
M,13,99,25
M,14,5,4
M,14,8,19
M,14,9,10
M,14,14,12
M,14,16,6
M,14,19,14
M,14,22,11
M,14,27,4
M,14,32,25
M,14,35,4
M,14,37,7
M,14,41,8
M,14,42,12
M,14,43,21
M,14,47,16
M,14,50,7
M,14,51,11
M,14,58,19
M,14,68,13
M,14,69,20
M,14,73,14
M,14,74,20
M,14,81,13
M,14,84,8
M,14,87,19
M,14,88,18
M,14,93,22
M,14,95,25
M,14,97,6
M,15,5,5
M,15,9,13
M,15,10,16
M,15,13,8
M,15,15,4
M,15,16,11
M,15,19,2
M,15,20,14
M,15,22,19
M,15,25,15
M,15,29,5
M,15,32,5
M,15,33,2
M,15,35,24
M,15,44,7
M,15,47,7
M,15,49,12
M,15,56,10
M,15,58,21
M,15,63,19
M,15,67,6
M,15,73,4
M,15,74,12
M,15,86,3
M,15,89,20
M,15,92,24
M,15,93,19
M,16,4,4
M,16,7,7
M,16,14,8
M,16,19,4
M,16,20,23
M,16,22,8
M,16,23,10
M,16,24,19
M,16,26,10
M,16,27,2
M,16,33,20
M,16,39,12
M,16,43,1
M,16,46,7
M,16,49,2
M,16,52,15
M,16,53,25
M,16,54,5
M,16,57,21
M,16,63,19
M,16,64,5
M,16,65,9
M,16,71,9
M,16,75,6
M,16,76,15
M,16,77,23
M,16,78,15
M,16,88,6
M,16,90,12
M,16,91,19
M,16,92,3
M,16,96,16
M,16,99,17
M,17,3,5
M,17,4,2
M,17,6,13
M,17,8,1
M,17,12,5
M,17,13,5
M,17,14,6
M,17,15,16
M,17,16,11
M,17,17,1
M,17,21,25
M,17,23,9
M,17,24,25
M,17,27,21
M,17,30,16
M,17,31,19
M,17,32,3
M,17,34,5
M,17,36,8
M,17,37,3
M,17,39,21
M,17,44,19
M,17,45,23
M,17,47,8
M,17,48,25
M,17,49,8
M,17,53,20
M,17,62,16
M,17,65,8
M,17,66,3
M,17,71,1
M,17,72,16
M,17,73,20
M,17,74,24
M,17,79,21
M,17,80,20
M,17,86,25
M,17,90,16
M,17,93,21
M,17,96,3
M,17,98,1
M,18,6,21
M,18,9,17
M,18,12,24
M,18,13,17
M,18,16,11
M,18,21,1
M,18,24,25
M,18,25,25
M,18,26,1
M,18,30,2
M,18,31,19
M,18,35,3
M,18,40,3
M,18,45,2
M,18,51,23
M,18,53,21
M,18,54,10
M,18,55,5
M,18,57,15
M,18,59,18
M,18,61,3
M,18,63,6
M,18,68,4
M,18,69,21
M,18,70,20
M,18,71,20
M,18,72,13
M,18,84,3
M,18,92,12
M,19,4,2
M,19,10,21
M,19,19,13
M,19,23,3
M,19,24,20
M,19,26,8
M,19,27,3
M,19,29,14
M,19,34,3
M,19,36,3
M,19,41,15
M,19,42,12
M,19,45,2
M,19,49,13
M,19,53,22
M,19,54,7
M,19,55,18
M,19,56,3
M,19,57,21
M,19,58,13
M,19,62,14
M,19,69,17
M,19,70,13
M,19,71,21
M,19,76,9
M,19,78,5
M,19,84,20
M,19,85,2
M,19,89,3
M,19,90,23
M,19,92,19
M,19,93,23
M,19,96,9
M,19,97,12
M,20,4,5
M,20,6,5
M,20,9,8
M,20,12,3
M,20,14,17
M,20,17,4
M,20,19,7
M,20,20,6
M,20,22,14
M,20,23,11
M,20,24,11
M,20,29,6
M,20,31,6
M,20,36,14
M,20,42,9
M,20,46,24
M,20,47,5
M,20,50,17
M,20,55,16
M,20,57,19
M,20,60,25
M,20,64,2
M,20,65,6
M,20,69,13
M,20,76,25
M,20,81,22
M,20,92,7
M,20,94,24
M,20,97,15
M,20,98,12
M,21,3,25
M,21,5,12
M,21,7,19
M,21,9,7
M,21,10,18
M,21,14,1
M,21,18,18
M,21,19,14
M,21,21,10
M,21,22,9
M,21,27,24
M,21,28,12
M,21,29,25
M,21,31,20
M,21,36,22
M,21,38,1
M,21,39,25
M,21,42,8
M,21,43,21
M,21,45,8
M,21,48,17
M,21,49,14
M,21,54,9
M,21,60,5
M,21,61,20
M,21,62,11
M,21,65,17
M,21,67,4
M,21,68,25
M,21,75,24
M,21,77,13
M,21,79,20
M,21,81,9
M,21,82,23
M,21,84,5
M,21,85,1
M,21,86,12
M,21,87,17
M,21,88,9
M,21,89,25
M,21,90,20
M,21,91,4
M,21,94,2
M,21,98,14
M,22,1,15
M,22,2,9
M,22,3,19
M,22,7,12
M,22,8,23
M,22,17,3
M,22,18,12
M,22,20,2
M,22,22,23
M,22,24,11
M,22,27,13
M,22,29,14
M,22,30,22
M,22,31,11
M,22,35,5
M,22,36,21
M,22,46,3
M,22,50,20
M,22,57,9
M,22,58,1
M,22,62,3
M,22,63,1
M,22,65,22
M,22,67,11
M,22,74,5
M,22,81,16
M,22,83,1
M,22,85,9
M,22,88,3
M,22,89,19
M,22,90,17
M,22,92,21
M,22,94,23
M,22,95,17
M,22,96,9
M,23,5,20
M,23,6,9
M,23,7,25
M,23,8,16
M,23,9,15
M,23,13,16
M,23,17,14
M,23,18,20
M,23,28,19
M,23,29,6
M,23,35,18
M,23,42,9
M,23,43,22
M,23,45,2
M,23,49,12
M,23,50,12
M,23,52,18
M,23,53,21
M,23,57,16
M,23,58,12
M,23,60,13
M,23,62,7
M,23,83,11
M,23,84,19
M,23,85,9
M,23,89,12
M,23,91,12
M,23,96,18
M,24,5,17
M,24,6,4
M,24,9,21
M,24,12,10
M,24,16,9
M,24,18,4
M,24,19,9
M,24,22,17
M,24,24,17
M,24,25,4
M,24,29,3
M,24,38,2
M,24,47,23
M,24,52,10
M,24,54,6
M,24,67,5
M,24,69,5
M,24,76,16
M,24,79,7
M,24,81,7
M,24,82,23
M,24,85,18
M,24,88,3
M,24,89,23
M,24,94,21
M,24,97,1
M,25,3,6
M,25,8,11
M,25,9,5
M,25,21,7
M,25,22,3
M,25,24,16
M,25,29,11
M,25,30,25
M,25,32,13
M,25,33,15
M,25,34,19
M,25,36,15
M,25,39,21
M,25,44,23
M,25,47,24
M,25,49,21
M,25,56,9
M,25,66,16
M,25,67,16
M,25,81,15
M,25,88,11
M,25,91,2
M,26,6,4
M,26,7,20
M,26,8,15
M,26,9,25
M,26,10,23
M,26,23,21
M,26,26,13
M,26,29,15
M,26,31,4
M,26,35,4
M,26,37,22
M,26,39,12
M,26,40,16
M,26,42,11
M,26,43,4
M,26,45,17
M,26,63,9
M,26,67,10
M,26,69,23
M,26,72,23
M,26,75,4
M,26,77,21
M,26,79,16
M,26,80,23
M,26,81,13
M,26,82,10
M,26,85,3
M,26,87,22
M,26,92,18
M,26,93,24
M,26,95,10
M,26,96,19
M,27,3,19
M,27,9,18
M,27,10,24
M,27,16,20
M,27,21,1
M,27,24,8
M,27,32,11
M,27,33,7
M,27,34,10
M,27,39,25
M,27,51,18
M,27,53,8
M,27,56,21
M,27,63,7
M,27,67,22
M,27,68,5
M,27,71,2
M,27,77,11
M,27,79,3
M,27,89,21
M,27,91,14
M,27,96,4
M,28,1,24
M,28,3,10
M,28,4,21
M,28,5,20
M,28,6,6
M,28,8,2
M,28,10,22
M,28,13,3
M,28,14,22
M,28,16,19
M,28,19,21
M,28,20,6
M,28,22,20
M,28,24,9
M,28,25,11
M,28,26,12
M,28,29,12
M,28,30,10
M,28,31,1
M,28,36,18
M,28,38,15
M,28,41,6
M,28,43,3
M,28,45,24
M,28,46,18
M,28,47,19
M,28,48,22
M,28,50,4
M,28,52,1
M,28,56,9
M,28,58,3
M,28,62,20
M,28,66,21
M,28,67,15
M,28,69,10
M,28,72,15
M,28,77,20
M,28,78,3
M,28,79,8
M,28,81,25
M,28,83,4
M,28,90,2
M,28,91,19
M,28,92,4
M,28,94,19
M,29,2,14
M,29,8,17
M,29,10,23
M,29,11,16
M,29,12,2
M,29,16,4
M,29,28,23
M,29,30,11
M,29,35,15
M,29,36,13
M,29,42,17
M,29,44,8
M,29,48,1
M,29,50,5
M,29,53,10
M,29,57,16
M,29,58,22
M,29,60,18
M,29,64,10
M,29,65,23
M,29,66,2
M,29,67,11
M,29,68,15
M,29,69,2
M,29,70,17
M,29,75,12
M,29,76,22
M,29,79,13
M,29,82,11
M,29,83,18
M,29,84,13
M,29,86,7
M,29,87,16
M,29,93,12
M,29,98,1
M,30,1,4
M,30,4,9
M,30,10,5
M,30,11,10
M,30,14,16
M,30,15,2
M,30,17,16
M,30,19,18
M,30,21,10
M,30,27,21
M,30,29,3
M,30,30,4
M,30,38,1
M,30,39,1
M,30,42,20
M,30,46,22
M,30,47,11
M,30,48,20
M,30,49,21
M,30,51,24
M,30,52,4
M,30,53,3
M,30,55,13
M,30,56,5
M,30,59,18
M,30,60,23
M,30,61,23
M,30,62,8
M,30,67,9
M,30,74,2
M,30,77,2
M,30,82,15
M,30,83,16
M,30,84,16
M,30,87,4
M,30,92,22
M,30,93,5
M,30,97,9
M,30,98,18
M,31,4,6
M,31,5,19
M,31,6,16
M,31,9,19
M,31,18,7
M,31,20,21
M,31,23,18
M,31,27,10
M,31,29,5
M,31,32,4
M,31,34,8
M,31,36,2
M,31,38,20
M,31,42,11
M,31,43,23
M,31,44,8
M,31,49,21
M,31,51,24
M,31,53,3
M,31,54,23
M,31,55,9
M,31,57,22
M,31,68,22
M,31,69,14
M,31,77,6
M,31,79,20
M,31,80,13
M,31,85,4
M,31,89,13
M,31,90,14
M,31,92,12
M,31,95,15
M,31,96,5
M,32,4,14
M,32,8,21
M,32,12,21
M,32,14,23
M,32,19,2
M,32,20,5
M,32,22,3
M,32,27,25
M,32,28,3
M,32,31,21
M,32,32,6
M,32,34,14
M,32,35,8
M,32,39,4
M,32,40,1
M,32,41,17
M,32,45,7
M,32,46,18
M,32,52,22
M,32,54,9
M,32,57,17
M,32,59,22
M,32,60,22
M,32,65,8
M,32,68,5
M,32,70,10
M,32,76,22
M,32,79,16
M,32,83,1
M,32,84,21
M,32,86,1
M,32,88,8
M,32,89,13
M,32,90,20
M,32,92,17
M,32,93,1
M,32,94,1
M,32,95,11
M,32,97,12
M,32,99,2
M,33,1,13
M,33,3,13
M,33,14,15
M,33,16,6
M,33,17,5
M,33,19,17
M,33,22,5
M,33,23,22
M,33,26,5
M,33,32,15
M,33,35,13
M,33,38,23
M,33,39,19
M,33,40,23
M,33,41,9
M,33,45,9
M,33,47,21
M,33,50,1
M,33,51,5
M,33,57,23
M,33,59,19
M,33,60,2
M,33,65,18
M,33,72,14
M,33,75,6
M,33,76,8
M,33,80,16
M,33,83,20
M,33,87,18
M,33,89,25
M,33,90,21
M,33,93,14
M,33,96,21
M,34,2,14
M,34,8,25
M,34,11,4
M,34,12,20
M,34,13,14
M,34,14,19
M,34,16,12
M,34,20,23
M,34,22,9
M,34,23,13
M,34,24,10
M,34,26,5
M,34,33,21
M,34,39,23
M,34,42,7
M,34,44,1
M,34,45,9
M,34,47,24
M,34,55,15
M,34,57,21
M,34,58,7
M,34,59,19
M,34,63,7
M,34,64,20
M,34,66,17
M,34,69,20
M,34,73,5
M,34,74,11
M,34,76,8
M,34,80,19
M,34,82,25
M,34,86,6
M,34,87,3
M,34,88,25
M,34,94,2
M,35,1,17
M,35,2,1
M,35,7,15
M,35,9,10
M,35,10,24
M,35,13,21
M,35,14,17
M,35,18,13
M,35,20,25
M,35,22,21
M,35,23,14
M,35,28,9
M,35,29,16
M,35,34,23
M,35,35,20
M,35,37,5
M,35,40,2
M,35,41,17
M,35,42,11
M,35,50,10
M,35,52,11
M,35,55,3
M,35,67,20
M,35,68,18
M,35,70,6
M,35,71,9
M,35,72,4
M,35,79,2
M,35,82,17
M,35,87,18
M,35,88,23
M,35,95,13
M,35,97,17
M,36,4,23
M,36,9,21
M,36,11,20
M,36,12,25
M,36,14,8
M,36,21,13
M,36,23,21
M,36,25,16
M,36,31,17
M,36,32,25
M,36,38,18
M,36,40,9
M,36,41,20
M,36,47,23
M,36,53,1
M,36,55,24
M,36,58,2
M,36,61,24
M,36,67,7
M,36,68,25
M,36,71,11
M,36,78,16
M,36,83,10
M,36,86,7
M,36,87,18
M,36,95,16
M,37,1,12
M,37,4,3
M,37,6,6
M,37,7,12
M,37,9,18
M,37,10,23
M,37,11,17
M,37,16,11
M,37,17,13
M,37,21,6
M,37,24,8
M,37,27,18
M,37,28,2
M,37,31,13
M,37,35,20
M,37,36,19
M,37,37,19
M,37,39,3
M,37,40,6
M,37,41,24
M,37,42,10
M,37,45,18
M,37,46,14
M,37,47,8
M,37,48,10
M,37,56,19
M,37,60,8
M,37,61,16
M,37,62,5
M,37,64,14
M,37,65,22
M,37,66,25
M,37,67,22
M,37,68,10
M,37,72,23
M,37,78,17
M,37,80,24
M,37,87,21
M,37,88,13
M,37,92,3
M,37,93,13
M,37,94,6
M,37,96,21
M,37,98,3
M,37,99,19
M,38,2,12
M,38,4,1
M,38,5,14
M,38,10,22
M,38,18,2
M,38,19,9
M,38,20,17
M,38,21,24
M,38,23,18
M,38,30,24
M,38,32,2
M,38,33,21
M,38,35,19
M,38,36,17
M,38,38,19
M,38,39,2
M,38,40,23
M,38,43,24
M,38,45,12
M,38,48,8
M,38,50,17
M,38,51,20
M,38,53,7
M,38,56,13
M,38,59,17
M,38,64,8
M,38,66,2
M,38,69,6
M,38,75,5
M,38,78,18
M,38,81,17
M,38,82,2
M,38,83,13
M,38,84,17
M,38,85,5
M,38,90,6
M,38,92,13
M,38,94,16
M,38,99,1
M,39,11,15
M,39,13,9
M,39,15,3
M,39,17,1
M,39,26,1
M,39,28,10
M,39,31,19
M,39,34,8
M,39,35,23
M,39,37,24
M,39,40,8
M,39,41,13
M,39,42,7
M,39,43,2
M,39,52,5
M,39,53,23
M,39,59,8
M,39,61,14
M,39,63,1
M,39,66,24
M,39,68,18
M,39,70,16
M,39,78,16
M,39,79,3
M,39,82,10
M,39,88,3
M,39,89,15
M,39,91,4
M,39,93,18
M,39,95,5
M,39,98,12
M,39,99,20
M,40,2,8
M,40,3,13
M,40,6,25
M,40,12,15
M,40,16,25
M,40,25,10
M,40,28,24
M,40,33,24
M,40,35,22
M,40,37,2
M,40,39,4
M,40,42,10
M,40,46,8
M,40,48,12
M,40,49,21
M,40,51,2
M,40,54,19
M,40,57,15
M,40,60,4
M,40,67,16
M,40,68,17
M,40,76,14
M,40,79,3
M,40,82,21
M,40,84,2
M,40,85,20
M,40,86,2
M,40,87,5
M,40,95,22
M,41,1,20
M,41,3,16
M,41,4,14
M,41,5,15
M,41,9,18
M,41,15,7
M,41,27,11
M,41,30,17
M,41,31,23
M,41,32,14
M,41,35,13
M,41,36,14
M,41,37,14
M,41,38,12
M,41,48,4
M,41,50,20
M,41,52,20
M,41,54,12
M,41,55,10
M,41,60,2
M,41,61,4
M,41,64,6
M,41,65,6
M,41,68,3
M,41,70,6
M,41,73,7
M,41,77,8
M,41,79,16
M,41,81,18
M,41,87,11
M,41,89,13
M,41,91,12
M,41,95,21
M,41,99,10
M,42,1,3
M,42,2,21
M,42,6,5
M,42,10,7
M,42,11,3
M,42,17,7
M,42,28,15
M,42,32,12
M,42,39,2
M,42,42,21
M,42,46,14
M,42,47,1
M,42,48,9
M,42,50,16
M,42,52,21
M,42,53,16
M,42,55,11
M,42,56,18
M,42,58,16
M,42,67,4
M,42,68,5
M,42,70,15
M,42,77,4
M,42,79,14
M,42,80,25
M,42,92,16
M,43,8,11
M,43,9,12
M,43,12,19
M,43,13,21
M,43,16,25
M,43,18,15
M,43,34,2
M,43,41,11
M,43,43,1
M,43,45,16
M,43,51,4
M,43,52,14
M,43,53,1
M,43,54,2
M,43,55,13
M,43,57,16
M,43,59,2
M,43,61,18
M,43,63,23
M,43,64,1
M,43,65,1
M,43,75,13
M,43,76,10
M,43,78,5
M,43,79,14
M,43,84,6
M,43,87,4
M,43,91,17
M,43,95,23
M,43,97,6
M,43,98,12
M,44,1,9
M,44,5,1
M,44,6,2
M,44,8,23
M,44,13,6
M,44,14,22
M,44,15,16
M,44,17,9
M,44,18,25
M,44,20,7
M,44,25,21
M,44,28,9
M,44,29,20
M,44,37,9
M,44,38,4
M,44,40,23
M,44,44,21
M,44,45,4
M,44,47,22
M,44,51,4
M,44,52,5
M,44,59,18
M,44,63,22
M,44,64,8
M,44,69,19
M,44,70,24
M,44,74,3
M,44,85,25
M,44,87,18
M,44,90,12
M,44,93,19
M,45,1,15
M,45,2,15
M,45,8,17
M,45,21,2
M,45,25,15
M,45,29,20
M,45,30,3
M,45,31,2
M,45,33,3
M,45,34,2
M,45,37,16
M,45,38,19
M,45,40,24
M,45,44,9
M,45,46,2
M,45,48,16
M,45,51,10
M,45,62,16
M,45,65,21
M,45,67,4
M,45,75,15
M,45,79,2
M,45,83,15
M,45,85,10
M,45,86,1
M,45,88,14
M,45,95,19
M,45,99,14
M,46,3,23
M,46,6,15
M,46,7,25
M,46,14,22
M,46,24,17
M,46,27,6
M,46,34,7
M,46,36,7
M,46,42,23
M,46,53,4
M,46,57,25
M,46,58,5
M,46,60,22
M,46,62,16
M,46,63,23
M,46,68,14
M,46,70,24
M,46,75,14
M,46,77,23
M,46,80,2
M,46,81,14
M,46,83,9
M,46,86,25
M,46,88,4
M,46,94,14
M,46,95,12
M,46,97,22
M,47,1,18
M,47,3,3
M,47,8,17
M,47,12,5
M,47,14,6
M,47,16,10
M,47,17,17
M,47,19,21
M,47,20,14
M,47,22,21
M,47,26,22
M,47,29,15
M,47,31,2
M,47,33,9
M,47,36,19
M,47,42,14
M,47,43,18
M,47,44,8
M,47,46,18
M,47,49,9
M,47,51,11
M,47,58,13
M,47,68,18
M,47,70,17
M,47,72,18
M,47,77,11
M,47,79,4
M,47,83,3
M,47,86,21
M,47,87,21
M,47,89,13
M,47,90,10
M,47,94,16
M,47,95,14
M,48,4,1
M,48,12,19
M,48,16,19
M,48,18,5
M,48,29,4
M,48,31,5
M,48,33,8
M,48,34,9
M,48,36,2
M,48,39,14
M,48,44,4
M,48,51,19
M,48,52,15
M,48,53,13
M,48,58,1
M,48,59,21
M,48,61,12
M,48,69,4
M,48,73,17
M,48,76,8
M,48,77,21
M,48,82,24
M,48,83,17
M,48,85,7
M,48,87,25
M,48,89,15
M,48,90,22
M,48,93,23
M,48,95,19
M,48,96,23
M,48,97,5
M,49,2,1
M,49,7,15
M,49,8,13
M,49,17,11
M,49,18,22
M,49,19,3
M,49,21,9
M,49,23,23
M,49,25,24
M,49,26,4
M,49,29,18
M,49,31,24
M,49,35,5
M,49,38,16
M,49,40,1
M,49,44,12
M,49,46,12
M,49,50,3
M,49,52,19
M,49,55,22
M,49,56,8
M,49,58,7
M,49,59,17
M,49,61,13
M,49,65,9
M,49,66,14
M,49,67,21
M,49,73,24
M,49,76,19
M,49,77,4
M,49,78,19
M,49,79,8
M,49,80,16
M,49,81,6
M,49,84,18
M,49,87,6
M,49,90,4
M,49,94,24
M,49,95,10
M,49,96,3
M,49,97,4
M,50,7,10
M,50,8,20
M,50,10,15
M,50,12,8
M,50,15,11
M,50,16,2
M,50,21,24
M,50,24,12
M,50,31,2
M,50,32,20
M,50,33,18
M,50,36,4
M,50,37,21
M,50,38,1
M,50,41,24
M,50,44,20
M,50,46,23
M,50,50,23
M,50,52,12
M,50,53,20
M,50,56,10
M,50,61,16
M,50,62,11
M,50,63,13
M,50,65,18
M,50,66,5
M,50,67,20
M,50,68,7
M,50,75,6
M,50,78,23
M,50,79,10
M,50,80,9
M,50,84,16
M,50,86,6
M,50,88,5
M,50,90,23
M,50,92,5
M,51,2,6
M,51,8,21
M,51,10,9
M,51,12,25
M,51,13,16
M,51,14,17
M,51,16,25
M,51,18,25
M,51,20,8
M,51,22,8
M,51,27,8
M,51,29,19
M,51,30,22
M,51,31,4
M,51,34,23
M,51,36,3
M,51,38,13
M,51,54,20
M,51,57,20
M,51,58,7
M,51,60,23
M,51,61,4
M,51,67,7
M,51,68,22
M,51,69,22
M,51,75,10
M,51,83,19
M,51,84,2
M,51,86,15
M,51,87,17
M,51,89,16
M,51,92,20
M,51,94,22
M,51,95,2
M,51,96,11
M,51,97,23
M,51,98,21
M,52,1,7
M,52,2,20
M,52,4,12
M,52,6,11
M,52,7,11
M,52,8,8
M,52,13,11
M,52,16,22
M,52,19,7
M,52,25,5
M,52,26,3
M,52,28,15
M,52,36,12
M,52,43,13
M,52,49,7
M,52,53,24
M,52,57,15
M,52,59,13
M,52,65,2
M,52,66,8
M,52,70,7
M,52,71,12
M,52,73,6
M,52,74,15
M,52,75,17
M,52,77,22
M,52,80,12
M,52,82,2
M,52,86,3
M,52,88,25
M,52,90,10
M,52,91,19
M,52,93,3
M,52,99,1
M,53,5,4
M,53,7,6
M,53,13,18
M,53,21,1
M,53,23,9
M,53,25,10
M,53,28,22
M,53,32,16
M,53,39,4
M,53,40,9
M,53,41,18
M,53,44,22
M,53,46,2
M,53,47,4
M,53,48,22
M,53,50,8
M,53,51,3
M,53,53,25
M,53,59,2
M,53,60,4
M,53,63,23
M,53,67,21
M,53,71,9
M,53,77,15
M,53,79,21
M,53,82,1
M,53,83,15
M,53,85,6
M,53,88,10
M,53,89,11
M,53,92,15
M,53,93,24
M,53,94,10
M,53,96,23
M,54,2,19
M,54,4,18
M,54,8,24
M,54,9,6
M,54,11,11
M,54,12,7
M,54,16,15
M,54,19,11
M,54,22,21
M,54,25,4
M,54,26,6
M,54,34,9
M,54,37,12
M,54,41,4
M,54,42,13
M,54,48,10
M,54,49,22
M,54,51,24
M,54,54,12
M,54,55,1
M,54,58,12
M,54,60,7
M,54,63,22
M,54,66,11
M,54,71,20
M,54,72,8
M,54,75,12
M,54,80,3
M,54,81,23
M,54,86,16
M,54,99,11
M,55,6,13
M,55,12,24
M,55,19,19
M,55,23,21
M,55,24,11
M,55,28,25
M,55,30,7
M,55,31,6
M,55,33,4
M,55,36,22
M,55,38,15
M,55,40,2
M,55,41,15
M,55,42,19
M,55,43,16
M,55,45,11
M,55,51,24
M,55,52,20
M,55,53,4
M,55,55,20
M,55,57,19
M,55,60,21
M,55,63,8
M,55,65,3
M,55,68,2
M,55,70,17
M,55,74,18
M,55,75,4
M,55,81,2
M,55,83,16
M,55,84,11
M,55,85,18
M,55,90,16
M,55,94,11
M,55,95,15
M,55,99,5
M,56,4,9
M,56,5,3
M,56,13,7
M,56,22,17
M,56,28,8
M,56,31,21
M,56,32,23
M,56,35,5
M,56,42,18
M,56,46,6
M,56,47,2
M,56,51,9
M,56,52,5
M,56,54,4
M,56,57,8
M,56,59,8
M,56,61,12
M,56,65,15
M,56,66,9
M,56,68,23
M,56,72,10
M,56,78,3
M,56,79,3
M,56,94,25
M,56,95,19
M,56,99,6
M,57,3,20
M,57,7,18
M,57,9,9
M,57,12,7
M,57,14,22
M,57,17,22
M,57,18,15
M,57,19,9
M,57,20,14
M,57,21,1
M,57,23,2
M,57,26,12
M,57,28,15
M,57,30,24
M,57,31,11
M,57,33,18
M,57,35,20
M,57,38,13
M,57,40,7
M,57,41,9
M,57,42,25
M,57,43,1
M,57,48,13
M,57,49,1
M,57,50,18
M,57,51,22
M,57,56,9
M,57,61,24
M,57,64,14
M,57,66,13
M,57,67,11
M,57,69,4
M,57,70,8
M,57,77,18
M,57,79,6
M,57,80,5
M,57,86,23
M,58,2,24
M,58,3,22
M,58,4,6
M,58,6,3
M,58,7,24
M,58,13,14
M,58,16,23
M,58,26,11
M,58,33,20
M,58,37,2
M,58,38,16
M,58,40,16
M,58,41,7
M,58,42,25
M,58,47,21
M,58,50,4
M,58,52,14
M,58,56,15
M,58,57,24
M,58,62,17
M,58,63,9
M,58,66,24
M,58,75,8
M,58,79,11
M,58,81,7
M,58,82,13
M,58,84,19
M,58,85,12
M,58,88,1
M,58,90,2
M,58,91,16
M,58,93,13
M,58,95,22
M,58,96,19
M,58,99,21
M,59,7,25
M,59,12,8
M,59,15,18
M,59,21,23
M,59,23,17
M,59,27,7
M,59,29,11
M,59,30,17
M,59,36,15
M,59,38,10
M,59,42,14
M,59,46,12
M,59,50,10
M,59,51,18
M,59,52,18
M,59,53,2
M,59,57,11
M,59,58,17
M,59,61,15
M,59,63,3
M,59,64,16
M,59,66,19
M,59,70,13
M,59,73,20
M,59,74,13
M,59,76,25
M,59,80,8
M,59,85,13
M,59,86,24
M,59,88,17
M,59,93,5
M,60,11,19
M,60,15,19
M,60,20,18
M,60,21,19
M,60,26,4
M,60,28,4
M,60,37,10
M,60,42,6
M,60,43,4
M,60,45,1
M,60,49,5
M,60,51,3
M,60,59,5
M,60,60,19
M,60,62,24
M,60,67,17
M,60,68,24
M,60,70,4
M,60,71,2
M,60,74,5
M,60,80,24
M,60,85,22
M,60,93,5
M,60,95,19
M,61,1,1
M,61,14,25
M,61,15,12
M,61,19,24
M,61,20,21
M,61,21,10
M,61,23,8
M,61,24,1
M,61,31,19
M,61,35,5
M,61,36,5
M,61,45,8
M,61,48,2
M,61,57,15
M,61,59,4
M,61,61,14
M,61,63,14
M,61,65,7
M,61,68,3
M,61,71,21
M,61,74,10
M,61,82,19
M,61,83,6
M,61,87,1
M,61,89,25
M,61,91,17
M,61,96,7
M,61,97,19
M,62,1,19
M,62,3,15
M,62,4,14
M,62,17,18
M,62,21,12
M,62,22,22
M,62,23,5
M,62,25,9
M,62,27,1
M,62,30,24
M,62,31,6
M,62,33,19
M,62,35,1
M,62,37,19
M,62,38,9
M,62,39,19
M,62,45,15
M,62,48,6
M,62,49,4
M,62,50,16
M,62,53,10
M,62,54,6
M,62,55,12
M,62,56,16
M,62,59,21
M,62,61,19
M,62,71,17
M,62,76,13
M,62,79,11
M,62,80,1
M,62,81,10
M,62,86,7
M,62,89,8
M,62,92,16
M,62,97,23
M,63,3,2
M,63,5,21
M,63,10,3
M,63,13,25
M,63,16,15
M,63,17,8
M,63,18,16
M,63,19,21
M,63,22,6
M,63,23,25
M,63,25,14
M,63,26,22
M,63,30,21
M,63,31,5
M,63,35,1
M,63,36,24
M,63,37,14
M,63,40,4
M,63,41,4
M,63,43,21
M,63,45,18
M,63,46,13
M,63,55,10
M,63,58,6
M,63,59,5
M,63,60,23
M,63,61,6
M,63,62,18
M,63,63,19
M,63,72,4
M,63,75,6
M,63,80,1
M,63,83,12
M,63,84,10
M,63,85,21
M,63,87,20
M,63,93,5
M,63,96,8
M,63,99,22
M,64,2,15
M,64,9,20
M,64,11,11
M,64,12,4
M,64,13,6
M,64,14,3
M,64,20,11
M,64,24,22
M,64,26,20
M,64,27,9
M,64,32,14
M,64,37,2
M,64,42,2
M,64,46,20
M,64,48,5
M,64,49,24
M,64,50,11
M,64,51,18
M,64,53,9
M,64,54,22
M,64,58,15
M,64,60,12
M,64,64,19
M,64,65,10
M,64,74,10
M,64,75,1
M,64,80,7
M,64,84,11
M,64,85,3
M,64,93,20
M,64,94,23
M,64,95,14
M,64,98,18
M,65,2,22
M,65,4,1
M,65,5,24
M,65,7,19
M,65,8,6
M,65,15,13
M,65,21,3
M,65,24,11
M,65,25,11
M,65,29,14
M,65,30,17
M,65,37,17
M,65,39,11
M,65,43,4
M,65,46,8
M,65,47,14
M,65,48,5
M,65,52,24
M,65,56,16
M,65,57,7
M,65,58,10
M,65,60,22
M,65,62,21
M,65,66,25
M,65,67,5
M,65,70,12
M,65,72,25
M,65,76,6
M,65,78,9
M,65,80,3
M,65,83,14
M,65,86,20
M,65,91,23
M,65,92,19
M,65,96,25
M,65,97,19
M,65,99,6
M,66,1,13
M,66,2,2
M,66,9,8
M,66,10,25
M,66,13,16
M,66,16,22
M,66,19,4
M,66,21,6
M,66,25,22
M,66,29,16
M,66,33,8
M,66,35,15
M,66,43,24
M,66,44,3
M,66,45,18
M,66,47,19
M,66,51,11
M,66,53,12
M,66,61,9
M,66,66,13
M,66,69,17
M,66,71,1
M,66,72,13
M,66,74,19
M,66,77,19
M,66,92,11
M,66,95,2
M,67,3,20
M,67,5,19
M,67,9,12
M,67,10,7
M,67,12,10
M,67,16,3
M,67,19,6
M,67,21,5
M,67,22,21
M,67,29,1
M,67,33,22
M,67,37,19
M,67,41,1
M,67,42,1
M,67,43,22
M,67,45,22
M,67,46,5
M,67,48,6
M,67,53,18
M,67,54,21
M,67,56,19
M,67,62,5
M,67,70,21
M,67,77,23
M,67,78,24
M,67,79,12
M,67,80,10
M,67,82,2
M,67,84,11
M,67,96,12
M,68,3,14
M,68,6,8
M,68,8,19
M,68,10,4
M,68,13,7
M,68,21,7
M,68,22,17
M,68,23,16
M,68,24,16
M,68,26,7
M,68,31,17
M,68,37,13
M,68,45,25
M,68,50,22
M,68,52,1
M,68,56,8
M,68,59,21
M,68,61,10
M,68,68,25
M,68,75,25
M,68,78,23
M,68,79,22
M,68,81,13
M,68,82,5
M,68,83,10
M,68,84,22
M,68,85,15
M,68,86,23
M,68,87,3
M,68,88,23
M,68,90,12
M,68,93,19
M,68,97,19
M,68,98,5
M,69,5,18
M,69,7,22
M,69,10,14
M,69,14,14
M,69,17,15
M,69,19,19
M,69,25,2
M,69,26,2
M,69,35,12
M,69,38,21
M,69,43,16
M,69,45,15
M,69,52,6
M,69,53,21
M,69,54,5
M,69,55,17
M,69,58,20
M,69,62,8
M,69,64,1
M,69,65,8
M,69,66,22
M,69,68,5
M,69,70,12
M,69,72,14
M,69,75,6
M,69,76,21
M,69,82,12
M,69,84,16
M,69,85,12
M,69,88,15
M,69,90,11
M,69,96,8
M,70,1,5
M,70,3,22
M,70,4,16
M,70,5,18
M,70,13,2
M,70,14,6
M,70,16,4
M,70,20,19
M,70,22,24
M,70,23,20
M,70,24,25
M,70,26,23
M,70,28,5
M,70,32,5
M,70,34,4
M,70,36,6
M,70,38,8
M,70,41,23
M,70,43,25
M,70,45,8
M,70,49,15
M,70,50,9
M,70,54,23
M,70,57,24
M,70,60,9
M,70,67,5
M,70,69,10
M,70,73,16
M,70,80,10
M,70,83,9
M,70,88,17
M,70,89,24
M,70,90,25
M,70,92,22
M,70,99,21
M,71,4,4
M,71,6,14
M,71,7,20
M,71,8,6
M,71,9,16
M,71,15,13
M,71,17,3
M,71,19,1
M,71,25,10
M,71,27,23
M,71,30,21
M,71,31,1
M,71,34,15
M,71,35,17
M,71,36,9
M,71,37,2
M,71,38,11
M,71,39,3
M,71,41,4
M,71,43,7
M,71,44,1
M,71,45,13
M,71,47,11
M,71,52,2
M,71,57,1
M,71,60,20
M,71,61,4
M,71,66,25
M,71,67,8
M,71,71,8
M,71,72,22
M,71,73,14
M,71,74,23
M,71,78,5
M,71,80,8
M,71,81,5
M,71,82,14
M,71,83,15
M,71,92,11
M,71,94,24
M,72,1,16
M,72,2,7
M,72,3,2
M,72,5,18
M,72,8,12
M,72,9,10
M,72,11,25
M,72,12,11
M,72,15,22
M,72,16,16
M,72,17,8
M,72,19,14
M,72,21,16
M,72,27,24
M,72,34,7
M,72,35,25
M,72,36,4
M,72,37,8
M,72,41,17
M,72,48,1
M,72,50,21
M,72,52,23
M,72,53,17
M,72,55,14
M,72,57,4
M,72,58,21
M,72,66,8
M,72,67,16
M,72,69,9
M,72,70,8
M,72,72,20
M,72,73,17
M,72,74,22
M,72,76,4
M,72,77,15
M,72,83,13
M,72,87,2
M,72,92,5
M,72,95,2
M,72,98,8
M,72,99,15
M,73,1,14
M,73,4,17
M,73,5,24
M,73,10,2
M,73,12,4
M,73,19,10
M,73,23,14
M,73,24,9
M,73,31,11
M,73,32,25
M,73,36,10
M,73,37,2
M,73,41,2
M,73,43,17
M,73,47,4
M,73,54,9
M,73,57,13
M,73,61,18
M,73,65,18
M,73,67,13
M,73,72,24
M,73,79,19
M,73,80,10
M,73,83,22
M,73,85,11
M,73,88,8
M,73,89,23
M,74,1,24
M,74,5,17
M,74,7,3
M,74,8,13
M,74,12,4
M,74,13,15
M,74,17,15
M,74,22,22
M,74,23,20
M,74,26,23
M,74,27,12
M,74,30,22
M,74,32,10
M,74,33,8
M,74,35,9
M,74,45,4
M,74,46,16
M,74,51,11
M,74,53,9
M,74,54,5
M,74,57,11
M,74,58,11
M,74,60,4
M,74,62,17
M,74,63,8
M,74,65,17
M,74,74,23
M,74,75,25
M,74,82,2
M,74,83,17
M,74,84,22
M,74,88,6
M,74,90,14
M,74,91,25
M,74,92,20
M,74,97,16
M,74,99,10
M,75,3,4
M,75,4,1
M,75,9,11
M,75,11,18
M,75,13,12
M,75,18,25
M,75,24,14
M,75,25,19
M,75,28,13
M,75,35,18
M,75,40,13
M,75,43,10
M,75,44,20
M,75,48,10
M,75,49,21
M,75,51,16
M,75,54,1
M,75,55,20
M,75,58,13
M,75,60,14
M,75,65,16
M,75,67,16
M,75,68,17
M,75,69,1
M,75,78,15
M,75,85,15
M,75,89,21
M,75,93,9
M,75,98,3
M,75,99,18
M,76,1,23
M,76,2,17
M,76,9,5
M,76,16,10
M,76,17,4
M,76,19,15
M,76,20,20
M,76,26,11
M,76,29,1
M,76,32,22
M,76,35,25
M,76,38,17
M,76,39,12
M,76,40,21
M,76,43,1
M,76,45,23
M,76,48,9
M,76,54,5
M,76,57,2
M,76,59,17
M,76,61,13
M,76,65,20
M,76,71,4
M,76,73,17
M,76,80,23
M,76,82,6
M,76,85,23
M,76,90,24
M,76,93,25
M,76,95,4
M,76,99,16
M,77,3,23
M,77,7,15
M,77,8,5
M,77,10,6
M,77,11,13
M,77,14,20
M,77,15,15
M,77,21,8
M,77,27,7
M,77,28,13
M,77,32,14
M,77,34,10
M,77,35,19
M,77,37,11
M,77,42,19
M,77,45,20
M,77,46,19
M,77,50,18
M,77,58,21
M,77,59,20
M,77,60,24
M,77,61,4
M,77,71,13
M,77,73,21
M,77,74,4
M,77,76,13
M,77,77,15
M,77,88,3
M,77,93,9
M,77,95,9
M,78,1,17
M,78,2,16
M,78,7,9
M,78,8,17
M,78,9,25
M,78,11,8
M,78,12,19
M,78,15,12
M,78,21,9
M,78,23,13
M,78,24,14
M,78,28,18
M,78,29,15
M,78,30,13
M,78,37,10
M,78,40,6
M,78,41,1
M,78,42,5
M,78,44,11
M,78,45,24
M,78,47,20
M,78,51,24
M,78,52,9
M,78,53,9
M,78,54,23
M,78,55,16
M,78,64,4
M,78,68,8
M,78,69,23
M,78,70,7
M,78,71,5
M,78,72,22
M,78,74,22
M,78,76,12
M,78,79,19
M,78,80,10
M,78,82,25
M,78,83,11
M,78,86,5
M,78,90,22
M,78,92,14
M,78,94,4
M,78,97,12
M,79,1,18
M,79,3,20
M,79,5,17
M,79,6,21
M,79,14,24
M,79,19,23
M,79,20,17
M,79,21,19
M,79,33,7
M,79,37,7
M,79,41,1
M,79,43,19
M,79,44,2
M,79,45,24
M,79,47,4
M,79,48,20
M,79,49,13
M,79,50,8
M,79,55,22
M,79,58,2
M,79,61,8
M,79,62,2
M,79,64,1
M,79,66,23
M,79,69,8
M,79,77,14
M,79,81,7
M,79,82,20
M,79,87,7
M,79,93,2
M,79,95,20
M,79,96,13
M,79,97,25
M,80,1,25
M,80,2,18
M,80,10,13
M,80,13,10
M,80,14,5
M,80,16,20
M,80,22,9
M,80,24,13
M,80,27,5
M,80,29,25
M,80,31,22
M,80,32,7
M,80,35,22
M,80,42,18
M,80,47,4
M,80,48,3
M,80,51,14
M,80,55,19
M,80,56,4
M,80,57,9
M,80,58,16
M,80,59,22
M,80,61,13
M,80,62,19
M,80,63,2
M,80,70,4
M,80,76,9
M,80,78,20
M,80,83,25
M,80,86,18
M,80,87,7
M,80,88,21
M,80,89,9
M,80,91,18
M,80,96,14
M,80,99,2
M,81,3,20
M,81,5,19
M,81,10,23
M,81,13,1
M,81,16,25
M,81,17,2
M,81,26,23
M,81,35,19
M,81,36,23
M,81,46,14
M,81,47,22
M,81,50,8
M,81,52,5
M,81,55,18
M,81,56,10
M,81,63,14
M,81,64,1
M,81,65,9
M,81,66,10
M,81,72,5
M,81,73,12
M,81,76,1
M,81,79,16
M,81,81,20
M,81,83,22
M,81,96,4
M,81,97,14
M,82,3,9
M,82,14,4
M,82,17,8
M,82,19,13
M,82,20,21
M,82,22,2
M,82,23,10
M,82,25,13
M,82,26,2
M,82,27,24
M,82,29,11
M,82,31,23
M,82,37,20
M,82,42,10
M,82,46,18
M,82,48,21
M,82,62,15
M,82,65,18
M,82,68,2
M,82,71,11
M,82,72,21
M,82,73,12
M,82,74,2
M,82,76,6
M,82,77,10
M,82,79,14
M,82,80,20
M,82,89,14
M,82,92,19
M,82,97,23
M,82,98,23
M,83,1,25
M,83,6,25
M,83,13,13
M,83,14,16
M,83,16,1
M,83,17,2
M,83,19,2
M,83,20,16
M,83,21,13
M,83,25,25
M,83,26,3
M,83,27,24
M,83,28,25
M,83,31,24
M,83,34,9
M,83,36,10
M,83,37,7
M,83,41,1
M,83,42,25
M,83,43,8
M,83,44,22
M,83,47,5
M,83,57,7
M,83,61,14
M,83,65,10
M,83,67,19
M,83,69,10
M,83,70,6
M,83,73,5
M,83,74,1
M,83,75,15
M,83,77,16
M,83,83,5
M,83,87,9
M,83,90,16
M,83,91,1
M,83,92,13
M,83,94,1
M,83,96,12
M,83,98,21
M,83,99,25
M,84,2,7
M,84,4,1
M,84,6,2
M,84,13,7
M,84,14,21
M,84,19,13
M,84,23,15
M,84,28,15
M,84,30,18
M,84,32,5
M,84,36,3
M,84,39,8
M,84,41,3
M,84,42,3
M,84,45,3
M,84,48,6
M,84,59,14
M,84,60,20
M,84,61,17
M,84,67,13
M,84,68,2
M,84,75,22
M,84,77,4
M,84,85,1
M,84,86,23
M,85,2,18
M,85,11,6
M,85,22,4
M,85,24,15
M,85,25,4
M,85,31,17
M,85,33,21
M,85,35,14
M,85,37,12
M,85,42,17
M,85,44,13
M,85,46,14
M,85,47,23
M,85,49,20
M,85,51,7
M,85,54,4
M,85,56,17
M,85,57,3
M,85,59,9
M,85,64,25
M,85,77,20
M,85,79,10
M,85,83,17
M,85,85,20
M,85,88,20
M,85,90,22
M,85,91,12
M,85,95,23
M,85,96,3
M,85,99,18
M,86,3,24
M,86,5,11
M,86,7,11
M,86,10,17
M,86,12,16
M,86,13,13
M,86,17,17
M,86,20,10
M,86,22,3
M,86,23,22
M,86,24,21
M,86,25,2
M,86,29,16
M,86,30,8
M,86,37,16
M,86,43,3
M,86,44,21
M,86,45,21
M,86,47,1
M,86,54,8
M,86,56,5
M,86,65,17
M,86,71,3
M,86,84,3
M,86,87,20
M,86,93,11
M,86,96,23
M,86,97,8
M,86,98,9
M,87,1,19
M,87,2,16
M,87,5,1
M,87,15,24
M,87,17,16
M,87,21,9
M,87,24,1
M,87,25,21
M,87,27,14
M,87,29,8
M,87,38,6
M,87,41,18
M,87,42,2
M,87,45,10
M,87,53,9
M,87,54,24
M,87,57,9
M,87,62,17
M,87,70,25
M,87,72,1
M,87,73,21
M,87,75,7
M,87,81,1
M,87,82,15
M,87,87,11
M,87,91,19
M,87,92,12
M,87,97,11
M,88,2,25
M,88,4,1
M,88,6,7
M,88,10,13
M,88,13,16
M,88,19,12
M,88,25,1
M,88,29,10
M,88,32,7
M,88,36,16
M,88,38,20
M,88,39,20
M,88,40,23
M,88,44,8
M,88,51,3
M,88,59,20
M,88,64,3
M,88,66,3
M,88,70,14
M,88,76,1
M,88,77,14
M,88,80,13
M,88,81,6
M,88,87,9
M,88,90,5
M,88,93,6
M,88,94,17
M,88,96,5
M,89,2,20
M,89,3,24
M,89,9,10
M,89,10,5
M,89,12,1
M,89,13,14
M,89,21,13
M,89,22,22
M,89,23,23
M,89,25,7
M,89,29,4
M,89,32,1
M,89,36,19
M,89,39,9
M,89,40,19
M,89,41,23
M,89,43,19
M,89,45,19
M,89,50,13
M,89,51,25
M,89,52,8
M,89,53,20
M,89,57,7
M,89,58,16
M,89,63,6
M,89,66,11
M,89,69,5
M,89,72,23
M,89,76,23
M,89,88,21
M,89,94,11
M,89,96,3
M,89,97,9
M,90,4,12
M,90,7,20
M,90,12,24
M,90,14,24
M,90,27,4
M,90,29,14
M,90,30,6
M,90,32,22
M,90,33,4
M,90,35,1
M,90,38,13
M,90,39,15
M,90,45,6
M,90,46,4
M,90,52,14
M,90,56,23
M,90,57,22
M,90,59,17
M,90,60,20
M,90,69,14
M,90,70,11
M,90,74,3
M,90,76,8
M,90,81,18
M,90,83,13
M,90,85,9
M,90,89,10
M,91,4,25
M,91,11,13
M,91,20,9
M,91,24,12
M,91,30,5
M,91,38,7
M,91,43,14
M,91,45,10
M,91,46,3
M,91,48,1
M,91,50,15
M,91,51,19
M,91,55,7
M,91,58,5
M,91,62,9
M,91,63,6
M,91,64,15
M,91,65,18
M,91,66,17
M,91,67,18
M,91,70,22
M,91,71,8
M,91,79,2
M,91,80,20
M,91,81,3
M,91,82,15
M,91,84,10
M,91,86,10
M,91,88,20
M,91,91,3
M,91,96,9
M,91,97,24
M,92,4,3
M,92,12,11
M,92,13,25
M,92,17,20
M,92,24,17
M,92,25,14
M,92,26,20
M,92,28,17
M,92,30,12
M,92,32,21
M,92,33,13
M,92,36,14
M,92,37,11
M,92,41,2
M,92,47,11
M,92,52,15
M,92,55,23
M,92,59,19
M,92,61,10
M,92,70,14
M,92,72,3
M,92,73,15
M,92,77,8
M,92,78,21
M,92,80,1
M,92,88,8
M,92,91,8
M,92,97,19
M,92,98,8
M,93,3,4
M,93,4,18
M,93,6,21
M,93,9,4
M,93,11,17
M,93,14,10
M,93,18,11
M,93,20,18
M,93,25,25
M,93,28,11
M,93,29,1
M,93,33,21
M,93,34,8
M,93,35,14
M,93,37,22
M,93,41,6
M,93,42,1
M,93,45,19
M,93,52,1
M,93,54,5
M,93,55,24
M,93,61,1
M,93,65,8
M,93,66,10
M,93,73,18
M,93,76,9
M,93,78,4
M,93,81,7
M,93,82,17
M,93,84,14
M,93,85,19
M,93,92,25
M,93,93,2
M,93,99,3
M,94,3,4
M,94,7,25
M,94,9,19
M,94,10,20
M,94,13,12
M,94,21,18
M,94,23,17
M,94,25,8
M,94,27,21
M,94,32,23
M,94,39,5
M,94,40,18
M,94,41,19
M,94,42,7
M,94,45,18
M,94,46,6
M,94,53,20
M,94,63,24
M,94,64,5
M,94,68,6
M,94,69,5
M,94,70,8
M,94,73,2
M,94,76,23
M,94,84,12
M,94,85,16
M,94,89,21
M,94,92,8
M,94,93,2
M,94,96,4
M,94,98,18
M,94,99,14
M,95,1,16
M,95,5,12
M,95,8,2
M,95,11,24
M,95,15,4
M,95,16,2
M,95,20,9
M,95,27,20
M,95,28,22
M,95,32,10
M,95,35,24
M,95,37,7
M,95,39,21
M,95,42,12
M,95,45,16
M,95,50,2
M,95,51,10
M,95,58,14
M,95,62,4
M,95,63,5
M,95,64,22
M,95,65,17
M,95,66,1
M,95,68,23
M,95,70,8
M,95,74,6
M,95,75,2
M,95,78,11
M,95,85,9
M,95,88,23
M,95,92,22
M,95,93,6
M,95,95,3
M,95,96,17
M,96,3,21
M,96,9,5
M,96,10,23
M,96,13,24
M,96,16,23
M,96,18,22
M,96,19,19
M,96,26,17
M,96,28,5
M,96,30,15
M,96,34,2
M,96,35,6
M,96,40,15
M,96,41,22
M,96,43,23
M,96,58,24
M,96,61,20
M,96,67,3
M,96,68,23
M,96,70,13
M,96,74,23
M,96,75,20
M,96,76,5
M,96,77,22
M,96,78,1
M,96,79,25
M,96,80,4
M,96,82,18
M,96,86,10
M,96,88,11
M,96,96,2
M,96,97,16
M,96,98,18
M,96,99,8
M,97,2,2
M,97,4,20
M,97,9,11
M,97,11,2
M,97,19,21
M,97,20,21
M,97,24,24
M,97,29,21
M,97,34,17
M,97,40,11
M,97,42,1
M,97,45,3
M,97,58,17
M,97,62,21
M,97,63,14
M,97,66,13
M,97,70,3
M,97,73,17
M,97,78,7
M,97,80,12
M,97,87,12
M,97,97,9
M,97,98,10
M,98,2,25
M,98,4,15
M,98,5,19
M,98,7,15
M,98,9,22
M,98,14,24
M,98,16,6
M,98,18,4
M,98,20,1
M,98,21,10
M,98,22,13
M,98,25,10
M,98,32,4
M,98,35,3
M,98,39,17
M,98,40,21
M,98,41,11
M,98,46,13
M,98,53,10
M,98,56,4
M,98,60,13
M,98,61,10
M,98,62,9
M,98,63,10
M,98,65,3
M,98,66,19
M,98,72,16
M,98,74,4
M,98,76,19
M,98,79,23
M,98,82,2
M,98,83,9
M,98,87,16
M,98,90,5
M,98,91,20
M,98,92,9
M,98,93,12
M,98,95,18
M,98,98,3
M,99,6,17
M,99,8,15
M,99,9,25
M,99,12,4
M,99,14,10
M,99,15,22
M,99,16,20
M,99,18,25
M,99,21,8
M,99,22,21
M,99,25,18
M,99,30,20
M,99,37,5
M,99,52,2
M,99,56,12
M,99,58,1
M,99,59,14
M,99,60,19
M,99,61,5
M,99,62,19
M,99,63,22
M,99,64,1
M,99,67,23
M,99,69,11
M,99,74,10
M,99,80,9
M,99,81,15
M,99,82,10
M,99,84,4
M,99,89,19
M,99,98,2
N,1,3,2
N,1,6,6
N,1,10,22
N,1,13,16
N,1,14,25
N,1,17,7
N,1,20,7
N,1,23,10
N,1,25,21
N,1,32,12
N,1,38,15
N,1,39,23
N,1,44,3
N,1,46,9
N,1,49,23
N,1,61,5
N,1,62,5
N,1,64,7
N,1,68,14
N,1,74,4
N,1,82,25
N,1,83,14
N,1,84,2
N,1,87,1
N,1,91,22
N,1,95,24
N,1,97,10
N,1,99,3
N,2,3,6
N,2,4,18
N,2,7,10
N,2,8,23
N,2,10,3
N,2,12,16
N,2,15,13
N,2,16,7
N,2,17,14
N,2,18,8
N,2,20,23
N,2,22,15
N,2,37,13
N,2,38,25
N,2,40,2
N,2,47,24
N,2,48,17
N,2,49,22
N,2,51,17
N,2,56,1
N,2,57,5
N,2,64,3
N,2,69,9
N,2,72,17
N,2,83,9
N,2,94,11
N,2,98,10
N,3,4,10
N,3,7,5
N,3,10,19
N,3,11,16
N,3,13,3
N,3,15,12
N,3,25,10
N,3,27,21
N,3,35,24
N,3,38,18
N,3,39,14
N,3,40,23
N,3,43,2
N,3,46,25
N,3,62,21
N,3,63,24
N,3,66,12
N,3,67,11
N,3,68,1
N,3,69,5
N,3,79,3
N,3,80,25
N,3,82,12
N,3,88,22
N,3,90,22
N,3,91,2
N,3,93,19
N,3,95,15
N,3,96,15
N,4,1,3
N,4,7,6
N,4,13,22
N,4,16,5
N,4,18,13
N,4,19,1
N,4,24,8
N,4,33,23
N,4,35,4
N,4,37,23
N,4,41,12
N,4,45,20
N,4,46,6
N,4,51,22
N,4,54,7
N,4,57,2
N,4,60,25
N,4,61,14
N,4,63,19
N,4,66,6
N,4,67,12
N,4,68,13
N,4,70,10
N,4,71,23
N,4,75,10
N,4,76,11
N,4,77,19
N,4,78,10
N,4,80,11
N,4,84,10
N,4,89,16
N,4,93,19
N,4,97,3
N,5,1,22
N,5,3,17
N,5,5,10
N,5,6,17
N,5,9,15
N,5,11,21
N,5,12,1
N,5,13,6
N,5,22,9
N,5,23,2
N,5,26,15
N,5,31,4
N,5,33,17
N,5,38,7
N,5,41,21
N,5,42,18
N,5,45,6
N,5,48,18
N,5,51,16
N,5,54,13
N,5,64,4
N,5,69,18
N,5,75,20
N,5,78,16
N,5,81,3
N,5,83,13
N,5,84,1
N,5,92,12
N,5,94,23
N,5,96,1
N,5,97,20
N,5,98,15
N,5,99,11
N,6,4,24
N,6,5,5
N,6,6,8
N,6,8,15
N,6,9,1
N,6,10,23
N,6,11,15
N,6,16,5
N,6,17,7
N,6,20,21
N,6,22,18
N,6,24,14
N,6,25,17
N,6,28,22
N,6,33,17
N,6,34,7
N,6,35,2
N,6,38,17
N,6,40,13
N,6,44,18
N,6,46,8
N,6,47,16
N,6,48,19
N,6,49,1
N,6,52,11
N,6,53,4
N,6,54,18
N,6,56,2
N,6,57,23
N,6,64,19
N,6,65,14
N,6,69,14
N,6,77,13
N,6,78,5
N,6,80,2
N,6,81,1
N,6,85,13
N,6,86,8
N,6,88,19
N,6,89,18
N,6,91,15
N,6,93,16
N,6,96,6
N,7,1,2
N,7,2,7
N,7,9,2
N,7,10,19
N,7,11,12
N,7,12,25
N,7,13,10
N,7,20,5
N,7,22,5
N,7,23,8
N,7,25,7
N,7,29,13
N,7,31,19
N,7,32,22
N,7,36,13
N,7,41,15
N,7,49,25
N,7,53,22
N,7,56,17
N,7,57,5
N,7,58,22
N,7,60,12
N,7,64,10
N,7,66,17
N,7,71,4
N,7,76,3
N,7,87,11
N,7,88,22
N,7,92,12
N,7,93,9
N,7,94,5
N,7,98,7
N,8,4,3
N,8,5,15
N,8,6,2
N,8,19,3
N,8,20,16
N,8,36,18
N,8,40,1
N,8,41,5
N,8,44,17
N,8,49,7
N,8,50,17
N,8,53,24
N,8,54,18
N,8,58,6
N,8,59,8
N,8,62,7
N,8,67,21
N,8,68,12
N,8,74,21
N,8,75,17
N,8,77,19
N,8,81,23
N,8,82,4
N,8,83,23
N,8,89,13
N,8,96,25
N,8,99,16
N,9,1,5
N,9,3,1
N,9,8,23
N,9,10,24
N,9,11,18
N,9,12,13
N,9,13,8
N,9,15,15
N,9,17,2
N,9,21,2
N,9,24,2
N,9,26,20
N,9,31,19
N,9,32,12
N,9,33,20
N,9,35,19
N,9,37,11
N,9,43,1
N,9,44,2
N,9,47,20
N,9,48,23
N,9,49,25
N,9,50,14
N,9,56,3
N,9,62,5
N,9,64,24
N,9,68,8
N,9,69,8
N,9,71,14
N,9,74,6
N,9,78,23
N,9,79,18
N,9,85,20
N,9,89,8
N,9,91,9
N,9,93,6
N,9,95,5
N,9,96,24
N,9,97,4
N,10,3,4
N,10,5,11
N,10,10,2
N,10,14,1
N,10,15,10
N,10,17,15
N,10,18,25
N,10,25,4
N,10,26,6
N,10,27,4
N,10,28,4
N,10,30,5
N,10,33,10
N,10,42,19
N,10,47,23
N,10,48,1
N,10,50,16
N,10,51,22
N,10,52,18
N,10,59,2
N,10,62,12
N,10,66,13
N,10,73,9
N,10,74,6
N,10,75,16
N,10,82,25
N,10,83,8
N,10,87,11
N,10,88,4
N,10,90,20
N,10,93,4
N,10,95,2
N,10,99,11
N,11,2,3
N,11,4,8
N,11,5,22
N,11,6,22
N,11,9,21
N,11,11,11
N,11,14,18
N,11,23,20
N,11,28,21
N,11,29,18
N,11,35,8
N,11,39,16
N,11,41,17
N,11,43,14
N,11,44,1
N,11,49,12
N,11,50,3
N,11,53,3
N,11,55,6
N,11,62,23
N,11,64,6
N,11,66,1
N,11,69,14
N,11,72,8
N,11,75,11
N,11,77,25
N,11,81,3
N,11,85,20
N,11,90,23
N,11,94,4
N,11,97,6
N,11,99,18
N,12,6,10
N,12,7,12
N,12,21,6
N,12,29,1
N,12,31,24
N,12,33,6
N,12,36,17
N,12,37,1
N,12,43,2
N,12,47,21
N,12,48,23
N,12,49,3
N,12,56,14
N,12,59,1
N,12,60,7
N,12,74,8
N,12,77,22
N,12,79,24
N,12,81,5
N,12,85,14
N,12,86,5
N,12,87,21
N,12,89,8
N,12,90,13
N,12,92,8
N,12,96,6
N,13,2,19
N,13,3,24
N,13,6,6
N,13,9,1
N,13,11,10
N,13,13,2
N,13,20,6
N,13,21,3
N,13,23,1
N,13,24,15
N,13,26,5
N,13,27,12
N,13,30,19
N,13,35,3
N,13,37,2
N,13,38,20
N,13,39,23
N,13,40,6
N,13,41,15
N,13,42,19
N,13,45,25
N,13,46,4
N,13,47,22
N,13,49,15
N,13,51,12
N,13,55,7
N,13,61,14
N,13,63,1
N,13,65,1
N,13,66,3
N,13,74,15
N,13,75,11
N,13,79,11
N,13,81,15
N,13,82,5
N,13,87,12
N,13,88,1
N,13,89,3
N,13,91,9
N,13,92,16
N,13,96,8
N,13,98,2
N,14,1,22
N,14,4,18
N,14,5,3
N,14,6,23
N,14,11,23
N,14,12,11
N,14,13,7
N,14,14,7
N,14,15,10
N,14,18,18
N,14,28,2
N,14,29,1
N,14,32,7
N,14,33,22
N,14,37,18
N,14,39,23
N,14,40,17
N,14,41,1
N,14,42,12
N,14,43,2
N,14,44,22
N,14,48,3
N,14,50,15
N,14,58,1
N,14,59,7
N,14,61,20
N,14,63,24
N,14,65,1
N,14,66,22
N,14,68,12
N,14,69,17
N,14,70,15
N,14,72,13
N,14,74,13
N,14,80,17
N,14,82,12
N,14,90,17
N,14,93,3
N,14,95,9
N,14,96,14
N,14,98,25
N,15,3,17
N,15,5,19
N,15,6,17
N,15,7,25
N,15,10,21
N,15,12,2
N,15,14,19
N,15,15,13
N,15,23,4
N,15,24,15
N,15,27,3
N,15,31,25
N,15,41,6
N,15,45,18
N,15,49,4
N,15,52,12
N,15,57,17
N,15,61,4
N,15,62,18
N,15,65,14
N,15,66,14
N,15,67,8
N,15,69,18
N,15,76,15
N,15,80,22
N,15,85,13
N,15,86,8
N,15,88,14
N,15,91,10
N,15,95,1
N,15,97,12
N,16,9,22
N,16,14,1
N,16,15,1
N,16,16,24
N,16,23,9
N,16,24,9
N,16,25,23
N,16,27,1
N,16,34,18
N,16,35,22
N,16,40,17
N,16,56,13
N,16,59,17
N,16,60,17
N,16,61,3
N,16,63,4
N,16,67,19
N,16,68,2
N,16,78,12
N,16,80,13
N,16,82,13
N,16,86,25
N,16,87,19
N,16,89,24
N,16,90,7
N,16,94,15
N,16,95,3
N,16,98,20
N,17,3,3
N,17,4,8
N,17,5,15
N,17,6,20
N,17,8,6
N,17,9,21
N,17,10,6
N,17,11,17
N,17,12,2
N,17,16,8
N,17,19,8
N,17,20,1
N,17,22,4
N,17,23,5
N,17,24,18
N,17,26,4
N,17,27,7
N,17,28,3
N,17,31,24
N,17,32,17
N,17,34,5
N,17,35,9
N,17,37,25
N,17,43,1
N,17,46,18
N,17,49,18
N,17,63,13
N,17,70,24
N,17,71,11
N,17,74,10
N,17,75,16
N,17,76,3
N,17,79,24
N,17,82,21
N,17,84,2
N,17,85,10
N,17,87,2
N,17,96,5
N,17,97,2
N,17,98,11
N,17,99,18
N,18,14,21
N,18,22,5
N,18,24,7
N,18,25,24
N,18,26,4
N,18,27,5
N,18,30,11
N,18,32,16
N,18,39,13
N,18,40,12
N,18,42,13
N,18,45,14
N,18,47,21
N,18,53,20
N,18,57,15
N,18,60,2
N,18,62,24
N,18,63,5
N,18,67,22
N,18,72,19
N,18,74,5
N,18,75,12
N,18,83,2
N,18,85,17
N,18,86,9
N,18,88,15
N,18,92,14
N,18,93,14
N,18,94,14
N,18,95,21
N,18,99,13
N,19,2,16
N,19,4,16
N,19,5,14
N,19,6,18
N,19,8,20
N,19,13,11
N,19,15,6
N,19,18,23
N,19,21,1
N,19,25,11
N,19,26,21
N,19,29,7
N,19,33,25
N,19,36,4
N,19,41,22
N,19,44,23
N,19,46,18
N,19,47,2
N,19,48,20
N,19,50,14
N,19,52,25
N,19,53,4
N,19,58,16
N,19,59,15
N,19,61,17
N,19,64,5
N,19,70,10
N,19,74,14
N,19,81,24
N,19,89,8
N,19,92,9
N,19,94,13
N,19,96,16
N,20,2,17
N,20,4,3
N,20,8,3
N,20,9,19
N,20,12,5
N,20,13,21
N,20,17,1
N,20,19,25
N,20,21,1
N,20,25,13
N,20,26,21
N,20,27,9
N,20,32,11
N,20,39,6
N,20,41,21
N,20,48,19
N,20,49,1
N,20,50,16
N,20,51,10
N,20,52,12
N,20,54,6
N,20,60,25
N,20,65,21
N,20,66,20
N,20,72,4
N,20,73,15
N,20,75,17
N,20,76,3
N,20,79,8
N,20,83,1
N,20,86,24
N,20,89,4
N,20,91,14
N,20,92,21
N,20,95,5
N,20,97,19
N,21,3,15
N,21,5,23
N,21,6,21
N,21,7,3
N,21,8,25
N,21,10,8
N,21,13,23
N,21,15,15
N,21,16,19
N,21,18,1
N,21,21,15
N,21,23,19
N,21,30,13
N,21,32,16
N,21,35,16
N,21,36,15
N,21,37,16
N,21,39,7
N,21,40,7
N,21,45,6
N,21,48,24
N,21,51,3
N,21,53,24
N,21,54,15
N,21,56,18
N,21,57,24
N,21,60,10
N,21,67,18
N,21,68,15
N,21,71,2
N,21,77,11
N,21,78,5
N,21,85,4
N,21,91,5
N,21,92,19
N,21,93,2
N,21,94,13
N,21,95,5
N,21,98,6
N,22,1,16
N,22,2,17
N,22,3,13
N,22,4,12
N,22,7,10
N,22,13,7
N,22,15,18
N,22,17,8
N,22,21,8
N,22,30,2
N,22,32,14
N,22,34,23
N,22,35,3
N,22,36,5
N,22,37,4
N,22,45,7
N,22,48,15
N,22,49,19
N,22,50,18
N,22,55,25
N,22,57,6
N,22,62,14
N,22,66,7
N,22,67,22
N,22,70,16
N,22,71,24
N,22,72,16
N,22,73,9
N,22,76,1
N,22,85,16
N,22,90,24
N,22,91,18
N,22,93,13
N,23,3,3
N,23,5,22
N,23,9,25
N,23,11,14
N,23,15,15
N,23,16,7
N,23,18,13
N,23,20,15
N,23,23,11
N,23,25,8
N,23,28,19
N,23,31,20
N,23,35,11
N,23,36,12
N,23,37,1
N,23,40,11
N,23,42,17
N,23,43,8
N,23,45,6
N,23,48,12
N,23,49,4
N,23,53,15
N,23,54,10
N,23,55,9
N,23,56,4
N,23,57,20
N,23,58,12
N,23,59,22
N,23,62,3
N,23,64,16
N,23,65,1
N,23,67,22
N,23,68,13
N,23,69,15
N,23,73,11
N,23,74,21
N,23,75,13
N,23,77,5
N,23,78,20
N,23,84,8
N,23,86,1
N,23,88,12
N,23,90,23
N,23,91,10
N,23,93,7
N,24,4,11
N,24,6,10
N,24,15,20
N,24,18,2
N,24,20,20
N,24,23,21
N,24,29,17
N,24,31,2
N,24,37,18
N,24,38,7
N,24,40,24
N,24,41,10
N,24,43,9
N,24,47,5
N,24,48,5
N,24,50,20
N,24,55,24
N,24,62,9
N,24,63,25
N,24,67,8
N,24,69,4
N,24,73,2
N,24,76,15
N,24,77,3
N,24,79,25
N,24,80,15
N,24,87,3
N,24,88,3
N,24,89,15
N,24,93,22
N,24,95,6
N,24,97,19
N,25,1,19
N,25,3,11
N,25,5,6
N,25,11,16
N,25,12,1
N,25,13,24
N,25,17,17
N,25,18,9
N,25,28,24
N,25,34,19
N,25,35,18
N,25,39,16
N,25,44,2
N,25,46,12
N,25,52,22
N,25,53,22
N,25,55,6
N,25,56,25
N,25,62,21
N,25,64,2
N,25,70,4
N,25,72,8
N,25,74,22
N,25,80,9
N,25,85,16
N,25,89,11
N,25,90,7
N,25,91,23
N,25,92,9
N,25,93,25
N,25,94,21
N,25,96,23
N,25,99,2
N,26,5,10
N,26,7,21
N,26,8,19
N,26,12,15
N,26,15,14
N,26,16,15
N,26,18,20
N,26,24,17
N,26,26,18
N,26,30,21
N,26,32,8
N,26,33,2
N,26,43,16
N,26,45,2
N,26,46,10
N,26,54,12
N,26,56,20
N,26,59,19
N,26,61,5
N,26,65,20
N,26,66,24
N,26,72,5
N,26,75,1
N,26,76,15
N,26,77,5
N,26,79,13
N,26,81,10
N,26,83,20
N,26,84,9
N,26,85,7
N,26,90,16
N,26,93,5
N,26,99,6
N,27,2,13
N,27,3,17
N,27,8,20
N,27,11,18
N,27,12,11
N,27,19,18
N,27,20,22
N,27,21,1
N,27,25,18
N,27,26,19
N,27,27,2
N,27,28,11
N,27,29,19
N,27,31,5
N,27,39,23
N,27,40,2
N,27,41,4
N,27,43,5
N,27,44,24
N,27,47,13
N,27,48,4
N,27,51,4
N,27,54,12
N,27,55,1
N,27,62,17
N,27,67,11
N,27,68,10
N,27,71,22
N,27,72,17
N,27,73,18
N,27,79,18
N,27,82,17
N,27,94,12
N,27,97,21
N,27,98,19
N,28,1,17
N,28,2,12
N,28,4,21
N,28,5,22
N,28,6,16
N,28,8,7
N,28,9,5
N,28,13,20
N,28,27,8
N,28,29,25
N,28,32,13
N,28,33,7
N,28,36,19
N,28,39,9
N,28,41,13
N,28,45,11
N,28,46,5
N,28,48,25
N,28,51,8
N,28,54,13
N,28,55,21
N,28,56,21
N,28,58,16
N,28,61,17
N,28,66,18
N,28,67,17
N,28,75,5
N,28,82,9
N,28,84,10
N,28,89,13
N,28,95,2
N,28,99,5
N,29,2,23
N,29,5,21
N,29,7,17
N,29,10,13
N,29,11,15
N,29,13,5
N,29,18,25
N,29,22,7
N,29,23,19
N,29,26,1
N,29,29,15
N,29,33,18
N,29,36,16
N,29,37,22
N,29,39,13
N,29,40,18
N,29,41,22
N,29,43,14
N,29,44,13
N,29,45,10
N,29,51,6
N,29,54,13
N,29,56,10
N,29,59,23
N,29,62,7
N,29,63,9
N,29,78,17
N,29,79,2
N,29,84,19
N,29,86,7
N,29,88,22
N,29,89,19
N,29,94,10
N,29,95,8
N,29,97,2
N,30,1,12
N,30,2,6
N,30,12,9
N,30,19,24
N,30,25,8
N,30,26,22
N,30,29,7
N,30,36,7
N,30,38,23
N,30,41,9
N,30,45,6
N,30,54,22
N,30,60,23
N,30,62,18
N,30,64,8
N,30,68,20
N,30,70,21
N,30,74,3
N,30,75,3
N,30,77,15
N,30,83,2
N,30,84,1
N,30,86,7
N,30,87,17
N,30,88,17
N,30,90,4
N,30,91,1
N,30,96,16
N,30,99,10
N,31,1,8
N,31,2,9
N,31,4,9
N,31,7,6
N,31,8,24
N,31,9,4
N,31,15,14
N,31,16,17
N,31,18,3
N,31,23,25
N,31,33,10
N,31,34,9
N,31,37,4
N,31,39,11
N,31,40,8
N,31,42,4
N,31,46,8
N,31,47,21
N,31,48,2
N,31,56,13
N,31,57,23
N,31,60,2
N,31,62,1
N,31,65,23
N,31,69,22
N,31,74,23
N,31,75,11
N,31,76,10
N,31,83,6
N,31,86,22
N,31,91,17
N,31,92,1
N,31,93,4
N,31,97,13
N,31,98,12
N,31,99,10
N,32,1,10
N,32,5,2
N,32,11,15
N,32,13,2
N,32,20,21
N,32,23,3
N,32,26,17
N,32,27,11
N,32,32,6
N,32,34,6
N,32,35,21
N,32,39,14
N,32,41,15
N,32,44,25
N,32,49,14
N,32,50,4
N,32,52,18
N,32,54,18
N,32,55,17
N,32,57,24
N,32,60,8
N,32,61,24
N,32,69,17
N,32,70,4
N,32,71,3
N,32,73,6
N,32,75,10
N,32,79,7
N,32,80,9
N,32,86,2
N,32,87,17
N,32,90,21
N,32,94,20
N,32,98,22
N,33,2,5
N,33,3,2
N,33,8,1
N,33,10,11
N,33,11,2
N,33,17,22
N,33,18,9
N,33,19,24
N,33,27,1
N,33,28,24
N,33,29,18
N,33,33,21
N,33,38,18
N,33,42,24
N,33,44,19
N,33,52,3
N,33,53,11
N,33,55,15
N,33,59,9
N,33,61,1
N,33,62,24
N,33,64,21
N,33,67,12
N,33,69,9
N,33,71,14
N,33,73,9
N,33,77,9
N,33,78,10
N,33,83,24
N,33,86,22
N,33,89,2
N,33,91,23
N,33,93,11
N,33,96,18
N,34,1,11
N,34,3,5
N,34,10,4
N,34,16,13
N,34,17,21
N,34,18,21
N,34,21,10
N,34,24,7
N,34,31,16
N,34,32,3
N,34,35,5
N,34,37,12
N,34,39,25
N,34,45,7
N,34,46,21
N,34,49,22
N,34,50,23
N,34,51,10
N,34,52,14
N,34,57,11
N,34,58,8
N,34,59,9
N,34,62,11
N,34,67,1
N,34,70,24
N,34,74,12
N,34,82,19
N,34,84,24
N,34,85,18
N,34,88,21
N,34,89,21
N,34,90,3
N,34,93,1
N,34,94,9
N,34,96,21
N,34,97,24
N,34,99,5
N,35,2,24
N,35,8,14
N,35,10,25
N,35,11,1
N,35,14,19
N,35,20,15
N,35,21,8
N,35,24,25
N,35,26,20
N,35,38,20
N,35,39,8
N,35,42,5
N,35,45,9
N,35,48,4
N,35,53,12
N,35,56,6
N,35,59,19
N,35,62,13
N,35,67,24
N,35,70,1
N,35,76,20
N,35,77,13
N,35,78,10
N,35,84,5
N,35,85,22
N,35,86,20
N,35,94,2
N,35,96,25
N,35,98,4
N,35,99,15
N,36,3,17
N,36,6,17
N,36,11,2
N,36,13,4
N,36,17,21
N,36,18,2
N,36,20,4
N,36,25,16
N,36,26,7
N,36,30,21
N,36,34,17
N,36,35,6
N,36,39,14
N,36,42,15
N,36,43,15
N,36,44,10
N,36,48,22
N,36,49,18
N,36,62,15
N,36,64,11
N,36,66,14
N,36,69,25
N,36,74,24
N,36,78,3
N,36,80,13
N,36,81,9
N,36,82,13
N,36,83,1
N,36,92,5
N,36,93,23
N,36,94,5
N,36,96,23
N,37,7,16
N,37,8,14
N,37,11,6
N,37,12,16
N,37,18,1
N,37,19,9
N,37,20,24
N,37,31,4
N,37,32,2
N,37,36,24
N,37,37,7
N,37,44,18
N,37,45,17
N,37,47,11
N,37,48,3
N,37,52,25
N,37,53,10
N,37,54,25
N,37,57,14
N,37,60,15
N,37,62,23
N,37,63,16
N,37,64,5
N,37,65,6
N,37,69,7
N,37,72,18
N,37,73,19
N,37,82,3
N,37,84,11
N,37,85,5
N,37,90,15
N,37,94,13
N,37,95,17
N,37,96,6
N,37,97,3
N,38,1,10
N,38,3,17
N,38,5,10
N,38,7,25
N,38,16,3
N,38,17,10
N,38,21,22
N,38,22,4
N,38,23,16
N,38,26,17
N,38,29,3
N,38,31,6
N,38,32,10
N,38,33,13
N,38,35,21
N,38,36,3
N,38,40,17
N,38,41,5
N,38,42,13
N,38,43,23
N,38,45,20
N,38,46,13
N,38,49,18
N,38,51,5
N,38,54,19
N,38,55,23
N,38,61,10
N,38,63,16
N,38,64,2
N,38,69,15
N,38,71,14
N,38,73,8
N,38,74,16
N,38,75,13
N,38,78,5
N,38,81,10
N,38,83,3
N,38,84,6
N,38,86,7
N,38,90,5
N,38,92,2
N,38,95,2
N,38,96,12
N,38,97,19
N,38,98,18
N,39,1,11
N,39,2,12
N,39,5,25
N,39,6,5
N,39,7,1
N,39,13,14
N,39,20,24
N,39,34,15
N,39,36,2
N,39,37,1
N,39,39,13
N,39,43,8
N,39,45,8
N,39,47,19
N,39,50,19
N,39,54,2
N,39,58,4
N,39,60,11
N,39,66,19
N,39,67,6
N,39,71,11
N,39,75,25
N,39,76,21
N,39,80,17
N,39,81,22
N,39,83,21
N,39,85,17
N,39,92,9
N,39,93,24
N,39,95,4
N,40,5,22
N,40,6,14
N,40,12,10
N,40,15,18
N,40,16,9
N,40,19,20
N,40,21,14
N,40,22,3
N,40,23,3
N,40,24,25
N,40,25,6
N,40,26,25
N,40,27,10
N,40,28,1
N,40,29,25
N,40,30,5
N,40,33,10
N,40,37,25
N,40,47,20
N,40,50,21
N,40,53,22
N,40,56,20
N,40,58,2
N,40,62,20
N,40,64,13
N,40,65,21
N,40,67,7
N,40,68,24
N,40,72,15
N,40,74,5
N,40,82,14
N,40,83,18
N,40,84,1
N,40,87,4
N,40,89,25
N,40,92,16
N,40,95,6
N,40,97,13
N,41,4,12
N,41,5,9
N,41,7,3
N,41,11,8
N,41,12,16
N,41,14,6
N,41,15,2
N,41,17,13
N,41,18,21
N,41,19,6
N,41,21,24
N,41,23,13
N,41,27,15
N,41,32,24
N,41,34,19
N,41,36,6
N,41,42,5
N,41,44,15
N,41,49,8
N,41,54,21
N,41,56,15
N,41,57,21
N,41,60,10
N,41,62,11
N,41,63,3
N,41,66,11
N,41,67,14
N,41,72,7
N,41,74,10
N,41,77,6
N,41,78,23
N,41,83,2
N,41,84,23
N,42,1,18
N,42,2,25
N,42,3,18
N,42,6,23
N,42,7,24
N,42,19,9
N,42,23,19
N,42,29,10
N,42,33,17
N,42,38,8
N,42,39,10
N,42,48,2
N,42,52,20
N,42,53,12
N,42,57,7
N,42,58,17
N,42,59,23
N,42,60,22
N,42,61,8
N,42,64,4
N,42,66,19
N,42,73,16
N,42,81,18
N,42,85,19
N,42,86,14
N,42,88,22
N,42,89,22
N,42,91,16
N,42,94,3
N,42,98,5
N,42,99,11
N,43,1,16
N,43,2,12
N,43,5,23
N,43,10,19
N,43,11,18
N,43,15,6
N,43,17,9
N,43,18,24
N,43,19,19
N,43,20,23
N,43,24,9
N,43,31,22
N,43,32,12
N,43,35,9
N,43,36,21
N,43,40,12
N,43,46,14
N,43,49,14
N,43,50,17
N,43,51,21
N,43,54,16
N,43,59,3
N,43,63,12
N,43,66,10
N,43,67,21
N,43,69,11
N,43,73,2
N,43,76,9
N,43,77,10
N,43,78,13
N,43,81,1
N,43,85,11
N,43,91,13
N,43,93,13
N,43,95,9
N,43,98,16
N,44,1,23
N,44,3,20
N,44,11,9
N,44,14,8
N,44,20,6
N,44,23,12
N,44,25,2
N,44,27,2
N,44,39,1
N,44,42,8
N,44,46,7
N,44,47,15
N,44,49,8
N,44,57,21
N,44,58,7
N,44,61,14
N,44,65,8
N,44,66,17
N,44,68,13
N,44,72,4
N,44,73,18
N,44,75,11
N,44,76,15
N,44,78,20
N,44,79,12
N,44,86,18
N,44,87,22
N,44,88,7
N,44,93,17
N,44,97,17
N,45,5,24
N,45,8,7
N,45,17,6
N,45,20,5
N,45,22,1
N,45,26,7
N,45,27,19
N,45,34,25
N,45,36,16
N,45,39,5
N,45,44,21
N,45,45,7
N,45,56,8
N,45,57,7
N,45,58,19
N,45,72,10
N,45,82,10
N,45,85,2
N,45,88,20
N,45,92,8
N,45,93,22
N,45,94,21
N,45,97,17
N,46,1,17
N,46,6,25
N,46,8,21
N,46,12,8
N,46,13,6
N,46,18,9
N,46,19,17
N,46,20,10
N,46,23,4
N,46,26,19
N,46,29,21
N,46,32,14
N,46,33,2
N,46,34,11
N,46,35,25
N,46,36,11
N,46,39,12
N,46,40,8
N,46,42,4
N,46,44,1
N,46,46,12
N,46,51,9
N,46,55,3
N,46,56,22
N,46,61,14
N,46,62,19
N,46,65,21
N,46,68,18
N,46,79,4
N,46,80,17
N,46,84,10
N,46,88,20
N,46,94,11
N,46,96,24
N,46,97,5
N,46,98,9
N,47,4,6
N,47,6,5
N,47,8,5
N,47,9,9
N,47,11,9
N,47,12,18
N,47,15,16
N,47,16,8
N,47,18,9
N,47,20,20
N,47,29,10
N,47,32,18
N,47,34,18
N,47,38,21
N,47,48,12
N,47,49,24
N,47,52,15
N,47,53,10
N,47,55,4
N,47,57,17
N,47,58,3
N,47,59,21
N,47,63,5
N,47,64,17
N,47,66,5
N,47,67,17
N,47,70,3
N,47,72,6
N,47,73,13
N,47,74,13
N,47,76,19
N,47,83,6
N,47,86,23
N,47,89,5
N,47,91,9
N,47,92,10
N,47,94,15
N,47,95,25
N,47,96,23
N,48,4,10
N,48,8,18
N,48,14,18
N,48,20,9
N,48,22,2
N,48,28,10
N,48,29,3
N,48,32,12
N,48,33,2
N,48,35,12
N,48,38,18
N,48,40,10
N,48,45,18
N,48,47,3
N,48,49,11
N,48,50,10
N,48,52,18
N,48,53,6
N,48,55,3
N,48,58,13
N,48,67,22
N,48,71,8
N,48,76,7
N,48,77,6
N,48,78,23
N,48,81,20
N,48,82,14
N,48,84,24
N,48,87,2
N,48,91,25
N,49,2,16
N,49,11,19
N,49,15,23
N,49,16,10
N,49,17,11
N,49,33,21
N,49,35,11
N,49,38,20
N,49,40,13
N,49,42,15
N,49,43,11
N,49,47,11
N,49,50,21
N,49,52,17
N,49,55,1
N,49,57,20
N,49,59,5
N,49,60,24
N,49,62,20
N,49,68,14
N,49,70,1
N,49,75,5
N,49,77,17
N,49,79,11
N,49,88,24
N,49,89,18
N,49,90,19
N,50,1,25
N,50,4,23
N,50,9,7
N,50,11,12
N,50,17,8
N,50,18,12
N,50,19,23
N,50,20,12
N,50,21,11
N,50,23,21
N,50,24,20
N,50,28,7
N,50,31,12
N,50,33,7
N,50,39,5
N,50,40,25
N,50,41,13
N,50,44,18
N,50,53,10
N,50,59,11
N,50,63,9
N,50,64,22
N,50,75,9
N,50,79,13
N,50,83,3
N,50,84,10
N,50,85,21
N,50,87,6
N,50,93,4
N,50,97,4
N,50,98,7
N,50,99,25
N,51,1,3
N,51,5,17
N,51,6,16
N,51,7,21
N,51,19,20
N,51,20,10
N,51,21,25
N,51,23,19
N,51,26,16
N,51,28,13
N,51,30,8
N,51,31,6
N,51,32,7
N,51,34,18
N,51,35,1
N,51,36,7
N,51,37,10
N,51,39,23
N,51,42,4
N,51,43,18
N,51,53,22
N,51,60,20
N,51,65,5
N,51,72,24
N,51,73,12
N,51,87,9
N,51,93,9
N,51,97,4
N,51,99,8
N,52,1,2
N,52,4,8
N,52,7,15
N,52,11,12
N,52,12,24
N,52,14,11
N,52,16,22
N,52,26,7
N,52,28,1
N,52,31,16
N,52,34,20
N,52,35,6
N,52,37,18
N,52,41,22
N,52,42,13
N,52,45,3
N,52,47,8
N,52,50,2
N,52,53,11
N,52,55,18
N,52,56,12
N,52,60,5
N,52,61,4
N,52,63,11
N,52,72,25
N,52,73,13
N,52,74,7
N,52,76,20
N,52,78,14
N,52,79,17
N,52,82,17
N,52,84,11
N,52,86,20
N,52,87,14
N,52,89,15
N,52,93,9
N,52,99,7
N,53,5,20
N,53,7,8
N,53,10,20
N,53,13,16
N,53,16,11
N,53,17,25
N,53,20,2
N,53,21,5
N,53,23,22
N,53,24,11
N,53,27,20
N,53,28,17
N,53,29,25
N,53,30,2
N,53,31,13
N,53,33,21
N,53,35,25
N,53,39,6
N,53,41,20
N,53,43,24
N,53,45,6
N,53,47,5
N,53,48,19
N,53,49,19
N,53,52,14
N,53,55,4
N,53,56,21
N,53,58,18
N,53,64,7
N,53,66,11
N,53,69,23
N,53,73,24
N,53,76,24
N,53,80,18
N,53,85,12
N,53,92,17
N,53,93,11
N,53,96,23
N,53,97,12
N,53,98,17
N,54,1,1
N,54,10,20
N,54,11,7
N,54,13,20
N,54,14,19
N,54,16,22
N,54,18,22
N,54,29,12
N,54,32,9
N,54,34,20
N,54,37,14
N,54,40,3
N,54,42,10
N,54,45,2
N,54,47,17
N,54,48,19
N,54,49,24
N,54,51,5
N,54,52,14
N,54,57,15
N,54,59,20
N,54,60,24
N,54,65,3
N,54,67,1
N,54,73,1
N,54,75,24
N,54,77,5
N,54,83,9
N,54,84,16
N,54,85,3
N,54,88,22
N,54,89,7
N,54,93,4
N,54,95,20
N,54,96,4
N,54,98,11
N,55,1,18
N,55,8,1
N,55,9,13
N,55,14,12
N,55,16,11
N,55,21,16
N,55,27,8
N,55,29,14
N,55,41,18
N,55,46,10
N,55,49,4
N,55,53,24
N,55,54,10
N,55,57,6
N,55,59,20
N,55,63,3
N,55,64,12
N,55,66,1
N,55,67,18
N,55,68,14
N,55,76,6
N,55,77,7
N,55,82,1
N,55,86,15
N,55,88,18
N,55,92,2
N,55,94,12
N,55,95,6
N,55,97,14
N,55,98,22
N,56,2,1
N,56,3,7
N,56,4,15
N,56,6,22
N,56,10,13
N,56,14,20
N,56,17,18
N,56,18,4
N,56,19,7
N,56,20,3
N,56,21,22
N,56,23,1
N,56,25,11
N,56,28,24
N,56,33,20
N,56,34,11
N,56,36,2
N,56,37,10
N,56,44,14
N,56,49,6
N,56,51,1
N,56,52,16
N,56,53,8
N,56,54,7
N,56,56,4
N,56,59,22
N,56,61,2
N,56,70,24
N,56,71,21
N,56,72,14
N,56,73,10
N,56,76,12
N,56,82,17
N,56,83,8
N,56,88,8
N,56,91,16
N,56,92,12
N,56,93,17
N,56,95,18
N,56,99,21
N,57,7,11
N,57,8,19
N,57,14,11
N,57,18,25
N,57,19,18
N,57,23,25
N,57,26,17
N,57,34,13
N,57,46,24
N,57,50,1
N,57,52,19
N,57,53,17
N,57,56,5
N,57,57,10
N,57,58,4
N,57,60,17
N,57,61,6
N,57,65,20
N,57,66,25
N,57,67,22
N,57,68,8
N,57,70,6
N,57,74,9
N,57,76,21
N,57,88,8
N,57,91,1
N,57,92,23
N,57,94,13
N,57,95,10
N,58,1,23
N,58,2,22
N,58,4,24
N,58,6,4
N,58,7,13
N,58,9,10
N,58,10,11
N,58,19,19
N,58,20,17
N,58,24,2
N,58,26,6
N,58,27,9
N,58,29,23
N,58,33,7
N,58,37,3
N,58,40,23
N,58,43,2
N,58,45,8
N,58,48,12
N,58,54,9
N,58,56,14
N,58,59,14
N,58,61,1
N,58,63,2
N,58,68,8
N,58,69,5
N,58,71,14
N,58,74,22
N,58,79,9
N,58,88,11
N,58,89,12
N,58,90,2
N,58,94,2
N,58,95,4
N,58,97,17
N,58,98,4
N,59,2,8
N,59,5,13
N,59,6,17
N,59,11,16
N,59,13,25
N,59,14,15
N,59,18,3
N,59,21,1
N,59,22,6
N,59,24,13
N,59,25,6
N,59,34,11
N,59,41,9
N,59,42,15
N,59,44,12
N,59,46,4
N,59,52,11
N,59,53,24
N,59,56,23
N,59,57,13
N,59,59,18
N,59,62,6
N,59,66,22
N,59,67,8
N,59,69,5
N,59,70,3
N,59,71,2
N,59,72,12
N,59,75,8
N,59,76,2
N,59,86,8
N,59,87,4
N,59,91,11
N,59,99,9
N,60,1,17
N,60,2,11
N,60,7,22
N,60,8,10
N,60,12,21
N,60,13,17
N,60,15,5
N,60,17,4
N,60,23,12
N,60,24,17
N,60,30,13
N,60,31,8
N,60,33,5
N,60,38,10
N,60,42,1
N,60,43,19
N,60,47,12
N,60,51,5
N,60,52,3
N,60,55,23
N,60,58,7
N,60,63,8
N,60,66,2
N,60,68,13
N,60,69,24
N,60,70,8
N,60,72,10
N,60,74,6
N,60,76,19
N,60,77,18
N,60,79,25
N,60,81,17
N,60,83,20
N,60,85,15
N,60,87,8
N,60,88,24
N,60,91,2
N,60,92,14
N,60,95,12
N,60,96,14
N,60,98,4
N,61,4,19
N,61,5,20
N,61,7,10
N,61,8,8
N,61,10,15
N,61,14,2
N,61,17,23
N,61,18,6
N,61,19,12
N,61,23,5
N,61,28,2
N,61,31,24
N,61,36,4
N,61,37,6
N,61,40,16
N,61,44,20
N,61,57,19
N,61,59,7
N,61,61,15
N,61,65,18
N,61,67,11
N,61,68,20
N,61,71,6
N,61,76,20
N,61,80,9
N,61,81,14
N,61,86,10
N,61,87,5
N,61,90,14
N,61,92,3
N,62,2,8
N,62,3,25
N,62,8,3
N,62,9,22
N,62,10,9
N,62,14,5
N,62,23,25
N,62,25,17
N,62,28,3
N,62,29,22
N,62,30,19
N,62,39,18
N,62,41,23
N,62,46,4
N,62,48,9
N,62,50,13
N,62,61,16
N,62,63,5
N,62,70,16
N,62,72,21
N,62,76,3
N,62,77,10
N,62,81,14
N,62,86,24
N,62,87,13
N,62,88,13
N,62,89,8
N,62,92,2
N,62,93,2
N,62,94,15
N,62,95,16
N,62,97,9
N,63,4,19
N,63,7,17
N,63,8,20
N,63,9,19
N,63,10,15
N,63,11,7
N,63,15,1
N,63,16,15
N,63,17,25
N,63,18,10
N,63,19,10
N,63,20,18
N,63,23,9
N,63,26,20
N,63,35,12
N,63,36,22
N,63,37,8
N,63,40,10
N,63,43,9
N,63,46,21
N,63,48,17
N,63,49,25
N,63,50,11
N,63,52,21
N,63,57,23
N,63,58,3
N,63,61,2
N,63,68,5
N,63,73,13
N,63,77,17
N,63,81,8
N,63,83,1
N,63,84,6
N,63,87,25
N,63,92,3
N,63,96,9
N,64,1,12
N,64,4,2
N,64,5,14
N,64,15,8
N,64,16,15
N,64,17,22
N,64,19,13
N,64,22,1
N,64,24,8
N,64,29,1
N,64,39,21
N,64,40,8
N,64,44,22
N,64,46,13
N,64,49,24
N,64,50,20
N,64,51,2
N,64,54,1
N,64,55,23
N,64,56,5
N,64,57,17
N,64,60,5
N,64,62,8
N,64,63,6
N,64,64,21
N,64,65,21
N,64,68,8
N,64,70,24
N,64,72,22
N,64,73,25
N,64,74,17
N,64,78,16
N,64,79,2
N,64,88,16
N,64,90,24
N,64,91,18
N,64,94,10
N,64,98,9
N,65,6,16
N,65,11,13
N,65,12,15
N,65,13,14
N,65,15,14
N,65,19,18
N,65,21,14
N,65,23,8
N,65,24,2
N,65,26,6
N,65,27,7
N,65,35,2
N,65,36,2
N,65,41,14
N,65,46,5
N,65,49,25
N,65,50,16
N,65,52,23
N,65,56,16
N,65,57,20
N,65,59,20
N,65,61,8
N,65,64,14
N,65,65,11
N,65,74,16
N,65,77,15
N,65,78,14
N,65,79,12
N,65,83,14
N,65,85,20
N,65,94,21
N,66,6,4
N,66,19,3
N,66,24,18
N,66,25,10
N,66,27,9
N,66,28,12
N,66,29,6
N,66,30,4
N,66,31,11
N,66,34,16
N,66,37,5
N,66,38,2
N,66,40,12
N,66,42,12
N,66,44,16
N,66,51,18
N,66,52,9
N,66,54,21
N,66,56,25
N,66,59,16
N,66,60,16
N,66,64,16
N,66,66,8
N,66,71,8
N,66,73,17
N,66,77,7
N,66,81,15
N,66,84,9
N,66,86,5
N,66,87,16
N,66,89,4
N,66,92,8
N,66,93,9
N,66,96,20
N,67,5,10
N,67,8,6
N,67,11,24
N,67,13,25
N,67,19,16
N,67,20,21
N,67,21,22
N,67,22,1
N,67,24,7
N,67,26,16
N,67,30,8
N,67,31,5
N,67,35,21
N,67,36,23
N,67,41,18
N,67,48,13
N,67,49,25
N,67,51,17
N,67,52,6
N,67,57,24
N,67,60,21
N,67,62,13
N,67,68,9
N,67,69,21
N,67,71,22
N,67,73,21
N,67,76,3
N,67,78,3
N,67,79,22
N,67,81,20
N,67,82,7
N,67,83,3
N,67,87,21
N,67,91,9
N,67,92,6
N,68,5,2
N,68,8,13
N,68,15,21
N,68,17,19
N,68,21,21
N,68,28,16
N,68,32,12
N,68,39,16
N,68,40,10
N,68,43,14
N,68,45,12
N,68,50,7
N,68,55,4
N,68,58,1
N,68,59,7
N,68,61,2
N,68,62,17
N,68,63,9
N,68,69,15
N,68,73,19
N,68,76,18
N,68,80,1
N,68,85,18
N,68,86,4
N,68,88,20
N,68,89,6
N,68,91,17
N,68,94,21
N,69,5,21
N,69,10,24
N,69,11,12
N,69,14,5
N,69,18,2
N,69,21,18
N,69,22,10
N,69,23,22
N,69,26,6
N,69,29,14
N,69,30,11
N,69,35,13
N,69,36,20
N,69,37,23
N,69,38,17
N,69,44,6
N,69,46,8
N,69,47,25
N,69,52,10
N,69,53,21
N,69,57,7
N,69,61,18
N,69,64,24
N,69,72,4
N,69,73,16
N,69,76,22
N,69,81,13
N,69,87,14
N,69,90,22
N,69,92,22
N,70,2,3
N,70,5,10
N,70,7,22
N,70,8,12
N,70,10,17
N,70,11,2
N,70,15,13
N,70,20,10
N,70,23,24
N,70,27,25
N,70,28,2
N,70,33,19
N,70,35,15
N,70,41,24
N,70,43,16
N,70,46,21
N,70,49,20
N,70,50,24
N,70,54,1
N,70,56,21
N,70,67,16
N,70,69,11
N,70,77,5
N,70,78,18
N,70,80,17
N,70,81,2
N,70,84,5
N,70,86,13
N,70,87,13
N,70,92,20
N,70,97,18
N,70,98,22
N,71,3,21
N,71,4,13
N,71,11,1
N,71,14,18
N,71,22,4
N,71,26,19
N,71,32,11
N,71,35,1
N,71,36,22
N,71,42,21
N,71,45,25
N,71,46,11
N,71,48,4
N,71,53,8
N,71,59,23
N,71,62,18
N,71,63,17
N,71,64,14
N,71,65,18
N,71,67,9
N,71,75,14
N,71,76,20
N,71,84,9
N,71,89,22
N,71,91,24
N,71,92,19
N,71,94,25
N,71,95,19
N,71,97,11
N,72,2,23
N,72,4,9
N,72,8,3
N,72,10,24
N,72,11,4
N,72,13,12
N,72,18,11
N,72,20,24
N,72,22,16
N,72,24,12
N,72,26,1
N,72,30,1
N,72,33,20
N,72,35,7
N,72,39,7
N,72,40,21
N,72,42,15
N,72,45,18
N,72,48,3
N,72,49,6
N,72,50,18
N,72,51,7
N,72,54,1
N,72,56,11
N,72,61,2
N,72,62,13
N,72,63,15
N,72,67,1
N,72,68,10
N,72,70,19
N,72,71,23
N,72,73,19
N,72,75,22
N,72,76,16
N,72,77,25
N,72,81,22
N,72,83,11
N,72,86,20
N,72,89,20
N,72,91,11
N,72,93,21
N,72,95,24
N,73,1,3
N,73,5,2
N,73,6,22
N,73,7,11
N,73,9,3
N,73,14,22
N,73,18,20
N,73,21,5
N,73,22,13
N,73,26,24
N,73,32,11
N,73,36,16
N,73,37,11
N,73,39,1
N,73,41,16
N,73,42,16
N,73,44,7
N,73,45,14
N,73,50,19
N,73,53,21
N,73,54,16
N,73,60,24
N,73,62,22
N,73,64,18
N,73,65,17
N,73,66,3
N,73,76,7
N,73,77,6
N,73,81,21
N,73,83,4
N,73,92,21
N,73,93,11
N,73,95,2
N,74,1,2
N,74,2,19
N,74,4,18
N,74,7,10
N,74,9,14
N,74,10,3
N,74,11,2
N,74,12,20
N,74,13,16
N,74,21,13
N,74,23,13
N,74,34,3
N,74,44,7
N,74,56,9
N,74,62,15
N,74,65,3
N,74,69,25
N,74,75,6
N,74,76,14
N,74,82,20
N,74,84,15
N,74,87,4
N,74,92,17
N,74,94,22
N,74,96,14
N,74,97,24
N,74,98,3
N,75,1,14
N,75,2,13
N,75,6,3
N,75,9,4
N,75,11,12
N,75,12,14
N,75,13,12
N,75,18,16
N,75,20,11
N,75,27,10
N,75,28,23
N,75,29,16
N,75,32,19
N,75,33,25
N,75,38,8
N,75,41,13
N,75,42,8
N,75,44,19
N,75,47,25
N,75,53,15
N,75,54,5
N,75,56,11
N,75,57,16
N,75,62,10
N,75,63,17
N,75,64,22
N,75,66,12
N,75,69,14
N,75,70,9
N,75,71,4
N,75,72,25
N,75,74,16
N,75,75,17
N,75,80,4
N,75,82,20
N,75,86,17
N,75,90,19
N,75,94,16
N,75,96,6
N,75,97,16
N,76,2,1
N,76,7,15
N,76,8,9
N,76,17,11
N,76,19,7
N,76,21,8
N,76,32,4
N,76,33,5
N,76,34,14
N,76,35,5
N,76,37,20
N,76,42,23
N,76,44,20
N,76,49,15
N,76,53,3
N,76,61,20
N,76,64,9
N,76,72,14
N,76,78,25
N,76,82,1
N,76,83,19
N,76,84,18
N,76,85,8
N,76,89,2
N,76,92,21
N,76,93,3
N,76,98,8
N,77,2,8
N,77,4,2
N,77,6,19
N,77,7,3
N,77,14,17
N,77,17,22
N,77,22,2
N,77,23,12
N,77,24,7
N,77,28,8
N,77,29,12
N,77,30,22
N,77,34,15
N,77,37,6
N,77,39,6
N,77,40,21
N,77,41,6
N,77,42,15
N,77,46,5
N,77,48,3
N,77,51,25
N,77,61,9
N,77,64,16
N,77,65,24
N,77,67,20
N,77,69,18
N,77,71,18
N,77,73,14
N,77,74,1
N,77,75,4
N,77,80,12
N,77,82,21
N,77,83,5
N,77,89,7
N,77,90,23
N,77,92,17
N,77,95,6
N,77,96,7
N,78,4,3
N,78,7,15
N,78,8,2
N,78,9,20
N,78,12,15
N,78,16,9
N,78,23,23
N,78,24,6
N,78,25,21
N,78,28,11
N,78,36,23
N,78,37,21
N,78,42,15
N,78,43,13
N,78,44,19
N,78,45,9
N,78,47,9
N,78,50,25
N,78,53,12
N,78,54,12
N,78,55,14
N,78,56,4
N,78,63,6
N,78,64,12
N,78,76,20
N,78,77,24
N,78,79,1
N,78,80,9
N,78,81,10
N,78,83,13
N,78,84,12
N,78,86,19
N,78,89,22
N,78,90,7
N,78,92,18
N,78,96,25
N,78,98,12
N,79,3,9
N,79,11,8
N,79,15,7
N,79,19,16
N,79,20,5
N,79,23,20
N,79,28,7
N,79,31,2
N,79,38,16
N,79,39,4
N,79,42,7
N,79,45,16
N,79,48,9
N,79,52,15
N,79,53,20
N,79,56,23
N,79,57,12
N,79,63,11
N,79,68,25
N,79,79,12
N,79,80,16
N,79,82,12
N,79,87,5
N,79,92,17
N,79,94,16
N,79,96,9
N,79,97,22
N,79,98,20
N,80,2,17
N,80,4,22
N,80,6,16
N,80,7,22
N,80,14,3
N,80,15,14
N,80,17,8
N,80,18,11
N,80,20,13
N,80,22,5
N,80,23,25
N,80,26,1
N,80,29,23
N,80,30,7
N,80,33,25
N,80,37,19
N,80,39,16
N,80,41,23
N,80,45,19
N,80,48,11
N,80,50,22
N,80,54,15
N,80,58,15
N,80,60,1
N,80,61,11
N,80,63,14
N,80,64,16
N,80,69,21
N,80,70,10
N,80,72,8
N,80,76,24
N,80,78,22
N,80,81,20
N,80,82,22
N,80,83,22
N,80,94,13
N,80,95,14
N,81,2,17
N,81,6,8
N,81,9,9
N,81,11,10
N,81,12,20
N,81,14,18
N,81,15,1
N,81,17,16
N,81,18,8
N,81,22,8
N,81,32,9
N,81,37,13
N,81,40,22
N,81,41,2
N,81,52,25
N,81,54,11
N,81,55,9
N,81,56,25
N,81,60,10
N,81,63,21
N,81,66,24
N,81,68,14
N,81,70,14
N,81,75,6
N,81,76,16
N,81,77,25
N,81,79,24
N,81,80,25
N,81,81,18
N,81,84,10
N,81,86,1
N,81,87,15
N,81,89,3
N,81,95,8
N,81,97,24
N,82,1,1
N,82,5,11
N,82,6,19
N,82,11,16
N,82,13,9
N,82,14,13
N,82,16,17
N,82,19,6
N,82,20,12
N,82,21,5
N,82,25,2
N,82,27,16
N,82,31,13
N,82,36,20
N,82,37,12
N,82,38,19
N,82,39,2
N,82,42,18
N,82,43,24
N,82,44,5
N,82,46,4
N,82,47,8
N,82,49,13
N,82,51,21
N,82,53,3
N,82,63,25
N,82,69,21
N,82,71,18
N,82,72,10
N,82,74,14
N,82,90,10
N,82,92,7
N,82,96,18
N,83,2,6
N,83,3,12
N,83,4,23
N,83,7,3
N,83,13,21
N,83,18,19
N,83,23,18
N,83,24,13
N,83,25,3
N,83,26,15
N,83,37,16
N,83,41,17
N,83,42,16
N,83,43,15
N,83,44,3
N,83,45,22
N,83,48,3
N,83,51,11
N,83,58,15
N,83,64,13
N,83,65,18
N,83,72,16
N,83,84,13
N,83,85,22
N,83,87,1
N,83,92,22
N,83,94,3
N,83,98,2
N,84,4,14
N,84,9,3
N,84,14,6
N,84,16,10
N,84,18,11
N,84,20,23
N,84,21,3
N,84,24,22
N,84,31,18
N,84,32,8
N,84,35,4
N,84,40,16
N,84,43,5
N,84,44,6
N,84,46,16
N,84,49,16
N,84,53,15
N,84,54,15
N,84,59,12
N,84,63,8
N,84,65,18
N,84,67,17
N,84,72,2
N,84,77,7
N,84,81,19
N,84,82,17
N,84,87,18
N,84,89,24
N,84,91,12
N,84,93,3
N,84,94,11
N,84,96,20
N,85,1,17
N,85,3,17
N,85,12,13
N,85,14,16
N,85,18,16
N,85,20,5
N,85,21,9
N,85,22,2
N,85,27,13
N,85,29,22
N,85,30,19
N,85,41,16
N,85,46,2
N,85,47,12
N,85,51,15
N,85,54,15
N,85,55,19
N,85,57,13
N,85,58,10
N,85,60,6
N,85,64,18
N,85,67,11
N,85,68,16
N,85,69,1
N,85,70,8
N,85,71,11
N,85,73,8
N,85,74,25
N,85,87,21
N,85,89,10
N,85,92,6
N,85,93,25
N,85,94,18
N,85,96,13
N,85,97,14
N,86,1,10
N,86,2,19
N,86,8,25
N,86,11,25
N,86,14,2
N,86,15,25
N,86,16,2
N,86,21,17
N,86,23,5
N,86,26,23
N,86,31,14
N,86,34,13
N,86,36,12
N,86,38,5
N,86,40,7
N,86,43,8
N,86,45,6
N,86,51,25
N,86,52,12
N,86,55,20
N,86,61,5
N,86,63,17
N,86,69,18
N,86,70,21
N,86,79,10
N,86,83,14
N,86,84,20
N,86,86,13
N,86,87,20
N,86,88,7
N,86,90,2
N,87,3,6
N,87,4,6
N,87,5,23
N,87,6,19
N,87,11,8
N,87,12,4
N,87,15,1
N,87,22,13
N,87,25,8
N,87,27,7
N,87,28,6
N,87,30,12
N,87,34,22
N,87,37,19
N,87,44,16
N,87,49,9
N,87,52,8
N,87,53,10
N,87,60,19
N,87,63,20
N,87,72,21
N,87,74,24
N,87,79,7
N,87,81,12
N,87,87,8
N,87,88,4
N,87,91,21
N,87,92,11
N,87,94,1
N,87,97,17
N,87,98,5
N,88,2,22
N,88,3,9
N,88,5,22
N,88,6,2
N,88,7,14
N,88,16,10
N,88,19,18
N,88,20,3
N,88,22,1
N,88,26,5
N,88,28,7
N,88,30,19
N,88,31,15
N,88,40,25
N,88,42,8
N,88,43,15
N,88,48,1
N,88,50,4
N,88,52,21
N,88,56,9
N,88,58,9
N,88,61,2
N,88,62,22
N,88,65,9
N,88,66,22
N,88,67,14
N,88,69,9
N,88,72,22
N,88,73,25
N,88,80,11
N,88,86,3
N,88,94,3
N,88,96,10
N,88,99,20
N,89,2,16
N,89,3,23
N,89,5,25
N,89,15,14
N,89,18,20
N,89,20,6
N,89,21,8
N,89,24,6
N,89,28,3
N,89,29,16
N,89,35,12
N,89,36,2
N,89,40,16
N,89,42,5
N,89,54,18
N,89,64,3
N,89,65,23
N,89,66,21
N,89,67,11
N,89,68,17
N,89,79,7
N,89,80,16
N,89,84,6
N,89,87,13
N,89,88,10
N,89,89,9
N,89,92,9
N,89,94,23
N,90,1,2
N,90,6,15
N,90,7,7
N,90,12,8
N,90,13,24
N,90,15,22
N,90,21,10
N,90,25,13
N,90,26,12
N,90,33,25
N,90,34,6
N,90,35,9
N,90,37,9
N,90,41,5
N,90,42,25
N,90,43,18
N,90,45,20
N,90,46,17
N,90,47,2
N,90,48,1
N,90,51,8
N,90,52,2
N,90,58,2
N,90,62,5
N,90,67,22
N,90,70,12
N,90,73,22
N,90,75,1
N,90,77,16
N,90,81,16
N,90,84,3
N,90,90,9
N,90,92,18
N,90,96,1
N,90,97,9
N,90,98,19
N,91,9,19
N,91,18,14
N,91,19,2
N,91,21,9
N,91,24,19
N,91,25,11
N,91,26,18
N,91,27,14
N,91,28,6
N,91,30,20
N,91,34,7
N,91,38,16
N,91,41,22
N,91,44,14
N,91,47,11
N,91,52,9
N,91,59,21
N,91,60,6
N,91,63,10
N,91,71,21
N,91,74,25
N,91,78,1
N,91,79,2
N,91,82,5
N,91,91,25
N,91,95,4
N,91,96,7
N,91,98,16
N,91,99,5
N,92,3,11
N,92,6,13
N,92,7,10
N,92,10,6
N,92,13,3
N,92,15,16
N,92,18,5
N,92,19,20
N,92,21,20
N,92,22,6
N,92,27,6
N,92,30,12
N,92,39,12
N,92,45,1
N,92,46,25
N,92,48,13
N,92,56,19
N,92,58,2
N,92,62,3
N,92,63,9
N,92,68,22
N,92,69,3
N,92,73,15
N,92,76,14
N,92,77,18
N,92,79,24
N,92,85,2
N,92,92,2
N,92,93,24
N,92,95,12
N,92,96,15
N,92,97,5
N,92,98,20
N,93,1,3
N,93,2,2
N,93,4,16
N,93,5,16
N,93,12,2
N,93,13,8
N,93,16,11
N,93,17,23
N,93,19,22
N,93,21,5
N,93,22,19
N,93,23,23
N,93,28,2
N,93,31,13
N,93,37,10
N,93,45,13
N,93,50,2
N,93,51,11
N,93,55,5
N,93,58,17
N,93,64,1
N,93,66,6
N,93,68,1
N,93,72,11
N,93,75,2
N,93,76,19
N,93,78,21
N,93,79,19
N,93,81,11
N,93,82,13
N,93,92,11
N,93,94,22
N,93,98,16
N,94,5,7
N,94,8,19
N,94,13,25
N,94,16,20
N,94,17,6
N,94,19,3
N,94,20,19
N,94,23,8
N,94,27,17
N,94,28,1
N,94,31,2
N,94,43,13
N,94,44,25
N,94,46,25
N,94,50,9
N,94,54,13
N,94,56,21
N,94,58,20
N,94,61,25
N,94,65,17
N,94,69,4
N,94,72,17
N,94,73,15
N,94,77,22
N,94,79,12
N,94,80,21
N,94,83,23
N,94,89,16
N,94,91,24
N,94,92,23
N,94,93,20
N,94,94,15
N,94,95,20
N,94,96,24
N,94,98,16
N,94,99,24
N,95,2,21
N,95,5,23
N,95,7,18
N,95,8,11
N,95,12,18
N,95,19,9
N,95,21,24
N,95,24,20
N,95,26,14
N,95,28,19
N,95,33,7
N,95,34,17
N,95,35,25
N,95,43,12
N,95,48,21
N,95,49,19
N,95,55,9
N,95,59,5
N,95,62,19
N,95,63,11
N,95,64,19
N,95,65,25
N,95,66,17
N,95,68,19
N,95,76,7
N,95,77,14
N,95,82,4
N,95,88,16
N,95,92,1
N,96,2,2
N,96,6,11
N,96,8,15
N,96,23,3
N,96,24,1
N,96,26,4
N,96,27,7
N,96,29,8
N,96,32,10
N,96,35,21
N,96,37,3
N,96,40,10
N,96,41,5
N,96,44,23
N,96,47,22
N,96,51,19
N,96,53,8
N,96,59,8
N,96,60,25
N,96,61,21
N,96,65,6
N,96,70,9
N,96,71,4
N,96,73,25
N,96,74,7
N,96,77,25
N,96,80,18
N,96,84,21
N,96,85,8
N,96,89,16
N,96,91,3
N,96,93,16
N,96,95,10
N,96,98,10
N,97,1,9
N,97,2,11
N,97,3,15
N,97,4,7
N,97,9,6
N,97,11,16
N,97,12,5
N,97,13,17
N,97,14,15
N,97,15,22
N,97,19,20
N,97,22,22
N,97,24,2
N,97,27,1
N,97,30,19
N,97,34,8
N,97,35,20
N,97,38,3
N,97,41,24
N,97,43,11
N,97,49,15
N,97,50,18
N,97,53,4
N,97,56,23
N,97,57,9
N,97,63,20
N,97,64,21
N,97,66,9
N,97,71,20
N,97,74,25
N,97,76,8
N,97,79,22
N,97,80,10
N,97,85,25
N,97,87,1
N,97,92,18
N,97,95,25
N,98,3,1
N,98,9,21
N,98,10,2
N,98,11,19
N,98,13,15
N,98,14,1
N,98,16,20
N,98,17,9
N,98,19,9
N,98,26,13
N,98,27,24
N,98,28,6
N,98,30,18
N,98,33,21
N,98,35,22
N,98,38,11
N,98,44,23
N,98,46,8
N,98,47,14
N,98,59,21
N,98,65,5
N,98,66,12
N,98,71,7
N,98,75,8
N,98,78,22
N,98,83,22
N,98,84,9
N,98,85,1
N,98,95,5
N,98,97,10
N,99,7,20
N,99,11,24
N,99,13,14
N,99,16,17
N,99,17,10
N,99,18,12
N,99,20,18
N,99,22,23
N,99,23,7
N,99,25,1
N,99,27,4
N,99,28,6
N,99,33,17
N,99,40,22
N,99,42,13
N,99,45,10
N,99,46,15
N,99,48,10
N,99,49,19
N,99,51,24
N,99,53,6
N,99,56,18
N,99,58,11
N,99,71,5
N,99,72,21
N,99,73,10
N,99,90,8
N,99,93,11
